27 63 746
23 685688 862754
19 41223 51530
20 36252 238514
26 623658 849711
18 46756 72291
24 6576 842064
18 2699 12384
18 84779 112907
24 557752 726917
23 186789 523796
22 62622 394284
24 200752 863319
25 495893 791840
18 29391 35678
22 36127 323812
19 135486 153247
22 82238 426530
19 71402 124401
24 92658 680351
23 70659 971257
20 186412 191922
24 17782 412789
25 489394 674630
22 16129 985450
19 43222 170160
23 144496 490978
25 243439 760056
25 177589 692826
19 155702 161759
25 441204 795818
23 285518 504843
22 684771 755076
19 65239 97533
21 754574 952501
22 283522 506540
22 114067 400125
24 496565 607755
25 426673 842289
23 511000 964838
26 388040 922681
25 29622 649794
23 173271 957038
22 89284 408310
21 88241 344169
20 180330 264786
25 461167 982893
22 126013 256087
24 26891 294870
28 292544 879550
