20 157589 241183
21 308114 712110
19 111224 334783
19 65306 837765
19 67794 977983
22 164227 963300
25 452142 572372
23 551316 587137
22 349873 530914
18 27625 390881
18 29970 38068
21 298508 776143
27 524201 661121
22 284422 293635
20 150807 198540
24 443603 906569
18 13623 706966
19 180184 507555
20 170190 834319
22 619896 772490
22 388998 873068
20 6032 267937
23 215095 615108
22 903810 970092
22 254707 580935
19 28577 604475
22 886273 889476
20 231419 614915
19 110046 335035
21 748739 761528
20 205157 215240
20 239422 805886
18 127073 462116
23 418926 834841
17 53400 186477
22 355044 513853
18 70934 77064
21 259343 779245
21 183875 343589
22 208115 442089
18 37341 709871
20 256291 643605
19 13716 71783
18 83398 260341
21 193615 226752
17 33771 88122
19 141965 483013
21 392970 404020
19 171713 533676
18 85379 483335
