243 62804 335201
37 174104 932927
9 616948 817355
1 96049 123526
1 8131 18626
11 559124 799146
4 438420 542693
15 597532 912229
9 750631 957543
11 630322 862785
2 274080 327122
3 358737 425562
2 62229 108132
1 523446 554305
13 463862 734497
1 192757 225535
30 444710 920352
6 19272 158733
3 181714 240772
1 9743 30286
7 82371 251386
9 134188 328720
3 50459 119369
8 63856 232469
11 309843 557534
16 507618 867218
2 233172 277448
13 565356 839390
0 97488 98232
0 6521 15809
16 319821 661889
37 19156 793771
22 95302 555876
17 389407 766721
1 4663 41659
5 240107 335435
12 134374 398766
0 174881 188905
7 125074 282367
25 123123 664604
3 115211 187459
29 236471 875511
24 384490 903700
5 31968 127242
6 697807 725267
0 432372 436089
37 106204 881584
10 139621 348206
5 103920 200007
8 613723 792346
4 878947 963726
29 226931 870828
15 235725 569178
19 397220 829353
19 322311 740779
4 473468 558211
3 399460 461157
8 552294 732663
4 21651 114261
2 39109 90171
23 359056 860440
3 14896 83482
4 487899 575515
0 53271 74933
3 97098 153587
2 772142 823829
13 286114 573234
17 208117 577669
4 418704 512617
11 556601 803089
27 279036 879348
8 255289 427970
13 451362 732015
22 5892 350118
15 584015 929333
2 690150 726737
2 787730 840806
4 88891 172900
1 27492 64659
2 91487 135046
8 107576 295574
19 31464 452743
24 57455 587359
24 48222 563039
9 54868 255489
1 912 33739
32 56341 751031
16 244445 584262
17 457811 843651
13 235174 519664
5 396768 511913
38 1263 825362
6 537039 680183
18 231531 612689
0 13810 22477
13 334260 634852
6 484395 612748
41 180267 913940
11 661294 900015
6 228682 349879
