198 547536 593345
19 421149 439766
2 54004 277481
1 38415 280816
0 14175 89443
21 474519 774764
8 170225 239645
3 68737 82445
12 267881 320922
2 43791 364306
9 203666 777553
7 161940 754425
7 160154 181683
4 89181 518916
4 80720 158334
6 134323 914886
11 244654 539922
2 58960 352810
10 231901 901073
1 42256 65513
12 277823 380246
54 602378 837927
7 560575 942418
5 448809 899111
0 36422 162334
0 17727 112263
0 318 7049
3 284866 387434
5 436775 456686
2 171270 183295
1 188071 441449
1 18625 40512
5 537307 756615
1 115993 714696
3 227944 756175
1 157914 347339
2 113331 147649
9 831458 949595
1 138502 175636
2 189179 566980
6 615042 797813
1 3645 46306
2 212848 561330
0 47412 392626
6 514847 691003
0 23372 486534
1 63790 83335
2 270695 271790
1 49425 211836
10 920569 940650
31 342139 531161
4 421345 623492
6 601557 751940
8 754652 778278
3 334693 496904
1 61304 72362
0 47944 881891
4 432627 752644
5 500755 794048
0 7626 608768
3 373620 473443
1 70780 925668
1 120599 897223
1 91719 709430
2 210333 429262
1 145564 742947
0 7600 131648
4 401709 888977
1 83862 626308
2 278736 637234
7 588700 669732
2 195161 354101
2 255386 994654
0 459 2467
0 8012 9565
3 314318 597148
38 811837 907048
3 270456 607494
3 313661 470523
3 262675 418051
0 45706 132026
4 403364 572089
3 260715 648843
4 381863 899915
1 72588 130156
4 378322 702950
1 182059 281867
6 545078 591475
4 313566 369250
6 554539 571160
6 632898 710221
2 215059 520395
0 4505 449700
1 74557 148184
7 631141 650666
5 481843 604287
8 736269 804618
1 81883 249782
8 728867 778844
28 172558 444513
