186 107830 590036
2 51262 74283
0 21868 24332
13 326612 521936
27 642247 693888
4 93988 556571
4 99967 439636
17 337495 439937
17 353912 565788
0 5346 117131
30 558991 595321
7 142819 307502
11 213498 226845
9 193021 843651
32 640572 653395
5 82552 112854
30 616710 639247
0 1354 272313
15 252738 410310
15 266806 442754
11 240384 839508
80 731752 880600
3 358176 748899
0 57451 224438
5 534592 971683
0 2544 951507
3 350217 950606
0 10439 457508
6 610787 788450
1 91646 158641
0 11895 21130
3 324722 336831
7 731485 923336
5 631858 883766
8 890307 935226
2 164966 792342
0 43600 279174
1 84088 180746
1 109576 914531
0 78582 576958
2 155481 515778
3 361334 522017
0 426 103904
5 616583 676270
2 204106 453341
1 170845 812738
3 353002 781572
1 80464 479164
3 389428 833731
6 598700 798071
1 103846 253345
0 86944 268783
2 213135 961639
0 7774 68685
2 221260 222116
1 115403 128568
31 311090 821180
1 62314 101361
2 228043 858536
0 32646 101115
3 298076 529922
0 2096 10823
0 287 1246
1 133407 217709
3 277151 772514
4 471845 537701
2 194211 223819
1 140786 461639
1 49140 53333
0 70139 85623
2 150262 181672
5 591059 727849
0 2297 3364
1 192584 969744
3 225869 610590
1 187857 247437
3 275385 482601
7 762903 804924
0 83814 211253
5 541814 618802
1 89039 170900
0 35789 183754
5 575070 830397
1 73981 155678
1 119733 893762
2 249498 722991
3 320232 461130
2 218367 666209
1 170493 587638
5 477278 768172
0 27344 490317
4 457339 792230
35 497167 776769
4 363567 446574
5 617800 780315
2 230741 774742
8 793787 883456
0 16641 78467
5 488539 752977
2 199856 430513
