36 71197 230835
18 460518 960650
17 318809 778550
12 771268 788750
12 400125 973409
18 182915 319659
17 41082 370493
12 331572 782911
16 136125 881744
12 360611 993683
15 133491 487348
17 24373 191243
5 857551 858622
9 768517 839031
11 430961 722640
10 402554 780470
9 724024 810363
16 150132 171417
10 475087 885284
17 85856 312566
15 210753 876102
18 1450 14594
10 477705 931644
16 85038 401716
16 113047 448787
10 414163 915678
11 551780 864847
17 93515 98274
10 436352 804105
16 71384 117124
17 39387 131331
4 823095 934783
10 656238 686906
16 80960 420964
14 304539 606045
16 99513 200096
18 9112 327735
17 50392 298200
11 419289 575244
16 99420 721078
7 656285 972681
9 515140 619360
17 46581 363951
7 691218 825102
15 116400 119126
15 173993 303152
9 518559 590216
10 427567 771322
10 451294 621859
17 60636 161536
16 114211 340883
8 630158 865695
16 88627 105953
18 1381 20186
16 112342 430373
14 254021 793157
16 155802 396257
16 58692 929540
16 145628 950069
5 736843 873553
14 234756 877677
13 268236 533069
15 148056 200292
17 56514 455889
9 566521 593760
16 81874 184533
5 751278 930351
13 258193 741129
16 93405 166896
14 238545 443465
14 214895 231219
10 432812 737125
13 258327 937857
16 95481 181919
9 476805 932695
14 239573 655271
6 679223 700387
12 329389 532297
13 267593 850361
15 134825 891393
16 99855 281146
17 109143 355623
14 370763 982669
17 139292 241950
12 414606 898415
11 363426 468000
14 223573 326324
17 58165 313035
14 197652 295592
18 68090 359924
21 196608 665502
18 33414 39093
13 236604 346132
10 446792 572797
10 482931 988938
17 5202 5343
17 31811 51753
12 333252 787911
6 720153 783051
15 177070 359997
14 185377 286952
17 30023 242636
11 417183 705696
17 11515 43303
14 213554 828792
15 162740 481417
18 2750 214251
17 34834 367555
17 3869 432499
12 366014 973689
13 251140 913324
17 78862 169452
16 90648 629921
18 15182 51191
16 99978 155914
17 61105 82262
12 335650 797770
8 600091 819759
12 331930 530183
17 81360 167319
8 578419 774937
13 266980 495192
12 306133 363242
16 124371 313287
14 229368 368922
12 337512 604204
18 12092 403979
15 166389 667591
14 265344 298755
12 469442 503920
19 97365 136525
14 346340 435860
18 43699 55223
18 32153 197958
16 184384 192927
18 82557 115273
14 231201 273333
8 613219 941535
18 63653 274234
13 307837 576693
14 267127 847626
18 13662 100625
17 105675 219800
18 54736 68602
14 321714 323096
16 123989 547635
12 398063 481893
15 202508 501430
15 217014 378413
13 261295 407494
14 224478 312042
17 113615 329310
17 41405 108908
14 279739 293044
13 300307 856064
15 233977 508745
9 513724 660878
17 4003 85573
18 1843 23932
12 322316 417311
7 655292 822022
18 3390 4096
15 175462 420071
5 710739 910584
17 28240 31657
10 487990 983782
14 241017 940043
16 76276 118099
15 149434 234364
16 118537 775404
14 215145 815149
17 41909 60861
12 334087 561857
18 492 16058
14 198234 741509
15 121749 787812
17 86383 433201
15 127595 414863
15 193648 352349
15 97200 825991
7 651388 844557
11 361100 483688
18 12630 19842
12 301793 401356
15 113161 898808
18 37690 38887
17 434 16112
17 58518 145690
14 212484 338181
13 240722 633294
16 130752 149064
8 516656 970293
6 680631 884127
12 332641 977817
18 761 279640
15 172196 976538
18 6215 89486
11 338858 960840
18 44165 571681
16 75074 345729
12 378112 725187
13 323167 423444
17 57998 324432
19 2222 324990
18 40052 99516
16 101055 441854
18 3543 9494
13 385871 718976
16 144211 869437
3 837369 920308
18 45836 667560
17 11302 89894
7 637272 643444
16 188498 284916
17 52428 754499
5 762475 975857
18 57880 252159
7 644915 762012
17 58283 387067
18 77893 451011
22 106855 149995
3 835022 932633
17 45625 66545
18 3999 48391
16 168015 835109
9 534843 995043
12 362099 436278
10 418462 493789
11 405367 435748
18 35032 132996
18 58638 58787
16 128544 818857
15 211399 453178
11 410824 547314
4 919713 951902
18 15446 63962
17 84649 131542
13 286018 664702
18 48821 357588
17 49621 576554
10 445781 611341
7 674095 898408
17 25686 45289
11 470081 486857
15 186464 779527
14 270051 282279
10 491145 888074
16 122217 239874
19 30699 291044
18 17983 65837
18 18055 983132
16 192299 257180
10 495539 666775
18 31105 147782
15 190261 442714
9 487323 487500
8 629923 867101
18 24072 354130
11 386859 646150
1 923037 935007
6 710673 875405
9 458918 947035
16 137953 271932
10 425832 981516
7 634150 678634
13 231970 267471
7 624033 886500
17 39083 954630
14 201910 957476
18 3162 697240
12 310202 579972
15 150854 455492
15 141395 955958
18 39186 548355
13 272354 815946
13 281362 665770
16 89266 170581
18 13571 16345
17 26354 481784
13 280962 479597
17 8220 17714
12 330877 858005
17 28376 73077
12 310331 829422
17 53865 197981
12 333042 490292
17 28792 760106
17 71990 245405
13 216919 611998
15 169407 258483
17 15688 301881
17 110019 545561
18 10583 60557
5 696411 907092
14 297608 778245
12 311979 641264
16 123927 601323
5 758189 843195
13 265863 519252
11 367424 432928
19 312 945
12 439851 537889
15 250590 545391
17 97184 274788
19 53947 522819
16 184836 447043
20 7463 946036
19 30478 411736
12 388099 761602
17 133144 633096
18 29334 32864
19 67118 84107
15 192012 622648
12 411083 466141
19 13508 293128
16 195582 393901
10 496721 723273
18 32780 428845
10 426237 452623
17 84985 309481
9 483469 667381
13 288534 378874
17 98244 163879
12 308543 545518
17 24086 125299
16 107480 145743
13 263212 538198
14 231564 295034
15 161475 561668
15 196171 624641
10 410951 506083
18 25388 228783
18 14968 119761
18 46886 74874
12 342194 597598
17 116291 120917
12 390266 672982
16 131755 203352
12 359851 375651
16 134641 170168
18 20681 81201
15 227831 376543
12 332190 635486
13 307758 735924
15 154859 607265
18 40904 54026
17 117382 202336
15 137225 793010
16 125064 609952
15 185980 543201
5 721166 741701
15 224792 390612
12 394950 880267
6 705855 744577
22 166279 704582
15 200213 490029
18 28942 78403
16 127028 380753
10 476757 530652
17 49447 383252
19 3101 84961
19 35096 46779
17 111768 244704
17 64583 343518
16 178219 244884
17 10799 32143
6 671716 827248
10 485553 920091
17 78967 342141
18 64611 157175
18 161451 599578
12 432048 527547
14 266566 612608
12 424255 438586
2 863125 984717
10 497342 643463
17 78162 292266
2 915455 994455
20 18504 109950
5 730576 756453
16 166731 287050
15 219318 391634
15 186314 287109
16 130977 144819
19 15600 158552
17 12228 133807
17 137282 611087
16 136540 756839
16 188641 209483
11 404148 629651
17 125013 164141
8 561342 844373
14 193550 368060
15 155656 866959
18 1255 166122
9 516656 841870
18 4422 4442
17 18232 729915
8 553872 814667
14 204126 496178
14 198309 659949
5 742416 748186
14 168480 747700
5 771536 935805
16 83838 607162
14 187173 251351
16 123739 308749
17 13318 17087
18 33179 197441
8 552001 570933
17 53804 373678
17 32331 271032
12 319288 648842
17 56305 678800
4 767907 936470
12 266812 553254
18 9162 11850
17 37901 193552
9 519054 843881
15 137563 220592
18 16764 281388
2 858459 937777
15 120971 159021
16 123677 168712
11 382280 609117
15 163334 788120
2 847596 954416
17 87104 114892
9 450745 591374
17 68266 174075
9 467270 644648
13 318775 528463
18 341 40226
17 39285 99820
9 503329 536840
9 513171 964389
14 224656 226631
2 900557 994720
17 47244 115746
18 517 16051
14 188188 321333
15 166441 579211
17 13869 998374
16 118667 137230
18 22863 42871
11 349016 380281
19 19939 147366
15 157472 429340
8 573698 591640
16 109539 973477
16 123201 396576
11 359261 369602
17 50564 108247
13 240914 406771
16 100275 730051
13 278466 639064
17 56434 151942
9 516119 552878
18 47282 66952
12 334518 929079
7 576344 644567
16 81066 130631
11 361785 821092
15 198742 838268
17 61676 85798
5 725077 988883
12 338667 494620
11 392666 795945
19 49117 585388
18 71266 631563
19 3935 354775
17 14931 24284
12 319672 806545
5 762484 771888
8 547464 677192
18 14305 53494
15 151133 958959
13 243349 624936
12 362533 823504
17 9348 84280
18 4073 31821
11 396125 473318
17 42542 125943
14 263848 322486
18 11148 61777
14 223175 580301
11 357819 668835
10 486427 641641
17 33922 129652
17 59083 252819
20 187609 268071
17 26794 889558
15 163948 402003
12 301330 472216
17 68781 138338
7 617838 632226
16 60368 850576
14 236606 257662
15 125952 140009
10 500821 650265
18 22243 121426
16 149032 271805
7 600971 905552
15 161946 311810
16 190182 391282
15 216378 688643
19 21640 133173
8 583409 972532
18 71844 132297
8 589024 590755
12 423854 621768
17 136133 463453
19 373 146521
11 456131 806038
19 43846 254549
9 533912 631021
8 589773 878023
19 17077 786466
15 223937 326119
9 538993 706399
5 802340 922957
16 176614 222305
9 527305 835381
16 199735 232107
17 107131 267974
9 537221 938630
9 543028 767680
19 17460 17588
18 50584 600936
13 320666 526434
9 545183 549505
17 171066 650707
18 53790 438248
15 200764 379528
18 53068 539082
17 108808 567632
15 207179 874371
16 179236 443160
7 588622 931703
13 271196 928492
12 314193 603189
17 84250 130105
9 494746 531280
5 689494 696869
17 69465 84579
10 415406 488122
12 352534 429485
16 83059 610692
13 255338 906573
17 64845 780629
5 716876 951328
12 317348 532469
17 114729 890457
18 3626 62255
14 199234 864763
17 60431 142877
11 427959 737541
13 288701 797253
13 334059 900005
14 291222 474192
6 634811 763869
10 450577 834264
16 120632 252175
7 617357 905809
15 136480 390378
12 360196 365739
19 12128 150307
13 272244 789854
17 82210 309707
10 386192 696829
13 302301 565003
13 234437 565137
18 3037 48838
12 353219 894278
11 395382 894940
1 918795 950056
13 265485 827067
2 886533 973477
16 86807 996303
12 401063 858036
13 243787 660183
17 154824 288101
14 176845 360947
14 245676 257178
13 272048 711870
15 176172 276844
14 214139 247961
11 378016 693883
15 153987 220848
18 24479 318082
17 10673 89413
16 99688 141079
11 378336 402851
11 376039 637034
14 226134 510324
16 63089 147022
19 18298 182348
18 2858 109388
14 211725 376414
9 439441 589863
15 146642 185761
14 224271 731181
16 133408 464868
9 490042 791144
17 38258 43373
17 47623 786866
15 191423 731391
16 104714 660590
15 180620 471038
17 117169 544575
19 957 314855
15 218766 295685
16 87734 349504
16 110352 418284
17 45388 49367
19 17107 252781
18 3919 347020
18 21854 125416
17 82933 206281
11 413212 419829
18 33794 738888
14 232450 691242
16 113517 124540
17 13802 545565
14 220597 994124
7 615119 620107
10 458257 500044
9 475878 581627
21 150739 197099
15 105018 293029
7 604723 686023
18 20449 367969
7 564043 962345
17 67179 221309
5 692096 915278
17 33571 79591
17 65284 189351
7 581987 717566
10 430637 527856
15 173173 674495
17 32732 40963
15 144847 160271
11 390446 747710
17 24324 32034
16 97396 147206
14 231066 436048
10 426237 656979
17 1965 195206
15 181780 550944
17 65704 888440
18 5061 11084
18 7690 53305
8 558520 976512
13 253467 301746
9 514194 714518
15 146611 146953
12 309867 617052
18 10135 67097
17 69949 334785
8 605116 759159
14 239109 352085
16 177351 581518
17 59036 254590
16 171289 817867
8 592976 907805
18 25743 965967
7 628633 779635
14 240367 266720
18 43915 92277
12 335367 426293
4 780478 790803
19 17043 796695
11 428659 543786
18 43557 632460
18 42733 261511
19 17604 549752
18 918 494001
19 725 3999
11 439221 823918
18 24230 32656
18 50148 175210
19 27064 33344
8 567811 774584
17 78020 330313
9 542211 721091
11 419833 818871
6 634460 961146
14 281230 751692
7 626426 987499
4 772913 844411
17 51937 474594
15 163288 167228
10 466860 727385
4 765494 842612
19 20498 197064
18 11213 873588
14 222931 892880
15 176728 489121
10 501853 642060
16 141392 707957
5 719757 777607
16 137500 408861
11 460746 610089
13 318099 585082
18 5907 9059
18 19147 188388
16 104533 158289
17 58867 393576
18 29815 105674
8 530253 639932
17 101371 344239
16 100200 339866
12 357223 911710
11 385175 737573
11 376802 941650
13 246074 982568
14 242574 630013
14 193632 213825
7 609351 872975
15 183719 399415
5 686460 876885
3 832445 998713
9 535755 549408
13 243622 869242
12 318563 579470
12 288842 525952
13 263699 271416
18 22818 414243
20 23528 27611
19 96248 512945
14 314603 334344
14 272058 276964
12 341892 408178
10 446283 483997
18 28806 495133
11 494876 672278
18 27313 286891
15 201645 875995
14 273884 419710
18 42696 101719
6 707071 993586
17 70343 673591
18 61618 276758
18 12653 29602
12 304738 794272
15 122188 339936
5 733919 795088
17 46948 743302
16 119403 525881
11 399008 705652
10 438232 637194
17 40756 464178
13 280106 402665
17 18540 55381
4 742982 996975
18 133801 357339
21 4037 740630
19 595 27124
19 151654 368396
15 368326 524888
21 99031 169690
19 184399 245448
9 539154 763332
18 15327 264549
15 322033 901486
18 28764 32941
20 62893 82528
4 787467 873618
24 178789 316776
17 105516 897534
19 134353 181300
17 85673 93945
18 140591 299837
10 477866 560658
14 321474 955764
13 329248 478227
12 348866 742163
12 494236 521335
18 27075 232958
20 54541 167696
8 601849 850089
3 843919 950771
18 111753 277180
9 538013 826008
8 549064 732891
15 339497 816257
20 51839 86443
3 838110 904592
14 244196 460864
6 737957 979999
13 386475 901144
12 373482 486791
18 148430 332677
16 137183 167396
6 719023 751792
17 171028 177436
5 749633 989450
9 508968 795146
16 295366 314540
6 675968 680794
7 622177 725261
21 27448 300432
19 18478 333784
12 462411 916902
18 3439 3845
10 547804 982972
10 490186 731129
13 326509 437483
6 732934 804598
20 4251 13210
1 882313 988344
19 132772 838961
19 63913 644101
19 137697 217588
17 341004 752513
21 143540 686633
23 70782 91189
20 172736 943621
6 740519 841783
21 166664 217660
17 325166 493383
20 153906 306878
9 618034 637276
20 252938 639144
17 293640 451453
19 191475 548628
23 19240 94487
17 293246 809056
26 1047 7564
21 157861 336584
1 882823 889624
21 135835 141143
24 95483 323465
20 179206 511182
13 229765 768618
15 152531 304074
16 113951 528810
10 412864 962242
13 286566 750316
2 853802 959773
13 278420 904529
6 636666 663216
13 283552 692183
14 199203 445877
13 248212 859555
11 364238 889937
17 90995 359423
16 70941 998131
15 172965 204208
13 210898 500830
16 143797 865098
1 896521 960864
18 76496 165199
19 193656 225308
6 703145 746163
18 121064 282678
19 9814 476508
15 240748 463672
18 116293 599334
16 232468 352234
18 75186 183351
12 421039 559925
15 242579 641206
18 112068 636794
18 119203 447641
18 79045 797521
18 99850 665416
6 681779 735023
20 7075 705411
16 178982 245774
19 33501 40823
18 128952 567046
19 59470 939690
20 5962 258721
17 181850 293320
17 147709 245978
19 46328 82448
13 354563 841985
12 463331 516882
19 8961 106786
19 49341 77912
16 200045 279193
12 414692 460335
19 42567 265379
17 131421 748135
12 415757 555337
13 357955 944940
10 482856 684847
4 818120 939119
8 606040 621983
12 381825 485806
20 81768 212872
19 139670 796260
10 431067 515174
18 93698 273702
11 492643 992659
7 623991 713805
22 4061 31014
15 267352 594007
17 182519 752456
19 33506 92746
15 241264 592052
19 71018 435658
18 137967 347950
16 189559 698259
17 153800 821180
15 218525 435251
19 54128 885985
14 330231 500905
19 86510 712985
1 952691 995173
19 51587 296792
17 145620 187926
26 17789 24696
18 66132 171071
16 202502 396772
17 177255 300724
12 442678 554459
19 58181 288682
19 81762 268953
12 367965 845352
16 228111 583842
13 336283 569549
19 43130 351336
10 539059 609582
19 72546 595935
6 695555 998410
18 127895 941662
15 257946 586986
20 3767 406323
16 191263 459537
19 97091 235950
10 477394 741745
4 783742 956194
13 344266 912882
16 91464 469052
8 560142 674388
14 194137 828778
10 447969 590677
13 313898 636299
18 14430 429080
18 28422 567685
18 1758 444891
17 41873 262233
17 6983 27128
14 224790 649808
16 131781 732360
17 28068 63905
5 691575 753705
13 297799 396736
11 387406 488287
16 136800 390635
13 256573 384701
14 283387 305081
17 41984 517326
15 233386 353242
8 589665 801655
15 118163 121346
18 83 12430
17 62462 89253
15 143583 935572
17 916 3522
3 824352 861625
14 247586 433505
13 251178 259013
18 3216 4222
13 296468 835012
12 313063 986476
14 262882 297793
11 396422 625861
17 46178 181136
13 248477 440128
17 69944 103056
17 5335 314546
16 125613 797375
12 306233 422101
18 894 10492
11 367203 632093
10 441022 808799
11 388894 400404
9 469575 494818
17 42703 722235
9 456759 585597
6 693520 727279
12 346638 623810
9 509198 666905
6 680935 717715
1 932413 999531
15 169520 197494
14 223846 761043
14 240385 820625
17 70399 607333
15 163853 800845
14 200385 679234
5 747577 839187
18 2955 577608
15 167280 256322
19 124 584017
18 20870 31453
13 268664 585820
