34 71197 230835
17 460518 960650
14 318809 778550
9 771268 788750
10 400125 973409
15 182915 319659
15 41082 370493
10 331572 782911
13 136125 881744
10 360611 993683
13 133491 487348
14 24373 191243
6 857551 858622
7 768517 839031
9 430961 722640
9 402554 780470
9 724024 810363
14 150132 171417
10 475087 885284
16 85856 312566
14 210753 876102
17 1450 14594
10 477705 931644
15 85038 401716
15 113047 448787
10 414163 915678
11 551780 864847
16 93515 98274
9 436352 804105
16 71384 117124
16 39387 131331
5 823095 934783
9 656238 686906
16 80960 420964
14 304539 606045
16 99513 200096
17 9112 327735
17 50392 298200
10 419289 575244
16 99420 721078
6 656285 972681
10 515140 619360
16 46581 363951
7 691218 825102
15 116400 119126
15 173993 303152
9 518559 590216
10 427567 771322
10 451294 621859
17 60636 161536
15 114211 340883
9 630158 865695
15 88627 105953
18 1381 20186
15 112342 430373
15 254021 793157
15 155802 396257
16 58692 929540
15 145628 950069
5 736843 873553
14 234756 877677
14 268236 533069
15 148056 200292
62 56514 455889
9 566521 593760
16 81874 184533
5 751278 930351
13 258193 741129
16 93405 166896
14 238545 443465
14 214895 231219
10 432812 737125
13 258327 937857
16 95481 181919
9 476805 932695
14 239573 655271
6 679223 700387
12 329389 532297
13 267593 850361
15 134825 891393
16 99855 281146
16 109143 355623
12 370763 982669
15 139292 241950
11 414606 898415
11 363426 468000
14 223573 326324
17 58165 313035
14 197652 295592
17 68090 359924
14 196608 665502
17 33414 39093
14 236604 346132
10 446792 572797
10 482931 988938
17 5202 5343
17 31811 51753
12 333252 787911
6 720153 783051
15 177070 359997
14 185377 286952
17 30023 242636
11 417183 705696
17 11515 43303
14 213554 828792
16 162740 481417
18 2750 214251
19 34834 367555
18 3869 432499
11 366014 973689
14 251140 913324
16 78862 169452
16 90648 629921
18 15182 51191
16 99978 155914
16 61105 82262
12 335650 797770
9 600091 819759
12 331930 530183
16 81360 167319
9 578419 774937
13 266980 495192
13 306133 363242
17 124371 313287
14 229368 368922
12 337512 604204
17 12092 403979
15 166389 667591
13 265344 298755
11 469442 503920
16 97365 136525
12 346340 435860
18 43699 55223
18 32153 197958
15 184384 192927
16 82557 115273
14 231201 273333
7 613219 941535
17 63653 274234
12 307837 576693
14 267127 847626
18 13662 100625
16 105675 219800
16 54736 68602
12 321714 323096
16 123989 547635
11 398063 481893
14 202508 501430
15 217014 378413
13 261295 407494
14 224478 312042
15 113615 329310
17 41405 108908
14 279739 293044
12 300307 856064
15 233977 508745
13 513724 660878
19 4003 85573
19 1843 23932
12 322316 417311
6 655292 822022
18 3390 4096
15 175462 420071
6 710739 910584
17 28240 31657
13 487990 983782
15 241017 940043
19 76276 118099
16 149434 234364
16 118537 775404
14 215145 815149
18 41909 60861
13 334087 561857
18 492 16058
15 198234 741509
15 121749 787812
16 86383 433201
16 127595 414863
14 193648 352349
16 97200 825991
7 651388 844557
55 361100 483688
17 12630 19842
12 301793 401356
16 113161 898808
17 37690 38887
17 434 16112
17 58518 145690
13 212484 338181
14 240722 633294
15 130752 149064
9 516656 970293
6 680631 884127
11 332641 977817
18 761 279640
15 172196 976538
17 6215 89486
12 338858 960840
17 44165 571681
17 75074 345729
12 378112 725187
13 323167 423444
17 57998 324432
17 2222 324990
17 40052 99516
16 101055 441854
18 3543 9494
11 385871 718976
16 144211 869437
3 837369 920308
17 45836 667560
17 11302 89894
7 637272 643444
14 188498 284916
17 52428 754499
4 762475 975857
17 57880 252159
7 644915 762012
16 58283 387067
17 77893 451011
16 106855 149995
3 835022 932633
17 45625 66545
17 3999 48391
15 168015 835109
10 534843 995043
12 362099 436278
10 418462 493789
11 405367 435748
17 35032 132996
17 58638 58787
15 128544 818857
14 211399 453178
11 410824 547314
3 919713 951902
17 15446 63962
17 84649 131542
14 286018 664702
16 48821 357588
17 49621 576554
10 445781 611341
7 674095 898408
17 25686 45289
10 470081 486857
15 186464 779527
13 270051 282279
10 491145 888074
18 122217 239874
19 30699 291044
18 17983 65837
18 18055 983132
14 192299 257180
9 495539 666775
19 31105 147782
17 190261 442714
11 487323 487500
7 629923 867101
18 24072 354130
11 386859 646150
1 923037 935007
6 710673 875405
9 458918 947035
16 137953 271932
11 425832 981516
7 634150 678634
14 231970 267471
7 624033 886500
17 39083 954630
14 201910 957476
18 3162 697240
12 310202 579972
15 150854 455492
15 141395 955958
17 39186 548355
13 272354 815946
13 281362 665770
16 89266 170581
17 13571 16345
17 26354 481784
13 280962 479597
17 8220 17714
12 330877 858005
17 28376 73077
13 310331 829422
17 53865 197981
11 333042 490292
17 28792 760106
17 71990 245405
14 216919 611998
14 169407 258483
18 15688 301881
15 110019 545561
18 10583 60557
5 696411 907092
13 297608 778245
13 311979 641264
15 123927 601323
5 758189 843195
13 265863 519252
12 367424 432928
18 312 945
11 439851 537889
14 250590 545391
62 97184 274788
17 53947 522819
15 184836 447043
18 7463 946036
17 30478 411736
11 388099 761602
16 133144 633096
17 29334 32864
17 67118 84107
15 192012 622648
11 411083 466141
18 13508 293128
15 195582 393901
9 496721 723273
17 32780 428845
11 426237 452623
17 84985 309481
9 483469 667381
13 288534 378874
17 98244 163879
12 308543 545518
18 24086 125299
16 107480 145743
14 263212 538198
14 231564 295034
15 161475 561668
14 196171 624641
11 410951 506083
18 25388 228783
18 14968 119761
17 46886 74874
12 342194 597598
16 116291 120917
12 390266 672982
16 131755 203352
13 359851 375651
16 134641 170168
19 20681 81201
14 227831 376543
12 332190 635486
13 307758 735924
16 154859 607265
17 40904 54026
16 117382 202336
16 137225 793010
16 125064 609952
14 185980 543201
6 721166 741701
14 224792 390612
11 394950 880267
6 705855 744577
15 166279 704582
14 200213 490029
18 28942 78403
15 127028 380753
10 476757 530652
17 49447 383252
19 3101 84961
17 35096 46779
16 111768 244704
18 64583 343518
15 178219 244884
18 10799 32143
6 671716 827248
10 485553 920091
17 78967 342141
16 64611 157175
16 161451 599578
10 432048 527547
14 266566 612608
10 424255 438586
3 863125 984717
11 497342 643463
21 78162 292266
4 915455 994455
23 18504 109950
6 730576 756453
18 166731 287050
17 219318 391634
17 186314 287109
18 130977 144819
18 15600 158552
17 12228 133807
16 137282 611087
15 136540 756839
15 188641 209483
12 404148 629651
15 125013 164141
9 561342 844373
15 193550 368060
15 155656 866959
18 1255 166122
10 516656 841870
19 4422 4442
18 18232 729915
9 553872 814667
15 204126 496178
16 198309 659949
6 742416 748186
15 168480 747700
4 771536 935805
17 83838 607162
16 187173 251351
15 123739 308749
19 13318 17087
17 33179 197441
9 552001 570933
17 53804 373678
18 32331 271032
14 319288 648842
18 56305 678800
5 767907 936470
13 266812 553254
19 9162 11850
18 37901 193552
9 519054 843881
15 137563 220592
19 16764 281388
2 858459 937777
17 120971 159021
16 123677 168712
11 382280 609117
16 163334 788120
3 847596 954416
16 87104 114892
11 450745 591374
47 68266 174075
15 467270 644648
16 318775 528463
18 341 40226
16 39285 99820
10 503329 536840
9 513171 964389
16 224656 226631
2 900557 994720
17 47244 115746
18 517 16051
14 188188 321333
15 166441 579211
17 13869 998374
15 118667 137230
17 22863 42871
12 349016 380281
17 19939 147366
15 157472 429340
8 573698 591640
15 109539 973477
15 123201 396576
12 359261 369602
17 50564 108247
13 240914 406771
16 100275 730051
13 278466 639064
16 56434 151942
9 516119 552878
16 47282 66952
12 334518 929079
8 576344 644567
16 81066 130631
11 361785 821092
14 198742 838268
17 61676 85798
5 725077 988883
12 338667 494620
10 392666 795945
17 49117 585388
16 71266 631563
17 3935 354775
18 14931 24284
12 319672 806545
4 762484 771888
9 547464 677192
17 14305 53494
15 151133 958959
14 243349 624936
11 362533 823504
17 9348 84280
17 4073 31821
11 396125 473318
17 42542 125943
13 263848 322486
17 11148 61777
14 223175 580301
11 357819 668835
10 486427 641641
16 33922 129652
17 59083 252819
14 187609 268071
17 26794 889558
15 163948 402003
12 301330 472216
16 68781 138338
7 617838 632226
17 60368 850576
13 236606 257662
15 125952 140009
9 500821 650265
17 22243 121426
15 149032 271805
7 600971 905552
15 161946 311810
14 190182 391282
14 216378 688643
17 21640 133173
8 583409 972532
16 71844 132297
8 589024 590755
10 423854 621768
15 136133 463453
18 373 146521
9 456131 806038
17 43846 254549
9 533912 631021
7 589773 878023
17 17077 786466
14 223937 326119
9 538993 706399
4 802340 922957
15 176614 222305
9 527305 835381
14 199735 232107
16 107131 267974
8 537221 938630
8 543028 767680
17 17460 17588
17 50584 600936
12 320666 526434
8 545183 549505
15 171066 650707
16 53790 438248
15 200764 379528
17 53068 539082
15 108808 567632
14 207179 874371
15 179236 443160
7 588622 931703
13 271196 928492
12 314193 603189
16 84250 130105
9 494746 531280
6 689494 696869
16 69465 84579
11 415406 488122
11 352534 429485
16 83059 610692
14 255338 906573
16 64845 780629
5 716876 951328
12 317348 532469
16 114729 890457
17 3626 62255
14 199234 864763
17 60431 142877
10 427959 737541
12 288701 797253
50 334059 900005
13 291222 474192
6 634811 763869
11 450577 834264
15 120632 252175
7 617357 905809
16 136480 390378
12 360196 365739
17 12128 150307
14 272244 789854
16 82210 309707
11 386192 696829
12 302301 565003
14 234437 565137
18 3037 48838
11 353219 894278
11 395382 894940
1 918795 950056
13 265485 827067
3 886533 973477
16 86807 996303
11 401063 858036
14 243787 660183
15 154824 288101
14 176845 360947
14 245676 257178
13 272048 711870
15 176172 276844
14 214139 247961
11 378016 693883
15 153987 220848
17 24479 318082
17 10673 89413
16 99688 141079
12 378336 402851
11 376039 637034
14 226134 510324
17 63089 147022
18 18298 182348
17 2858 109388
15 211725 376414
10 439441 589863
15 146642 185761
14 224271 731181
16 133408 464868
9 490042 791144
18 38258 43373
17 47623 786866
14 191423 731391
17 104714 660590
16 180620 471038
16 117169 544575
17 957 314855
15 218766 295685
16 87734 349504
16 110352 418284
17 45388 49367
18 17107 252781
18 3919 347020
18 21854 125416
17 82933 206281
11 413212 419829
17 33794 738888
14 232450 691242
16 113517 124540
18 13802 545565
14 220597 994124
7 615119 620107
10 458257 500044
10 475878 581627
15 150739 197099
15 105018 293029
8 604723 686023
20 20449 367969
10 564043 962345
20 67179 221309
6 692096 915278
18 33571 79591
18 65284 189351
9 581987 717566
11 430637 527856
15 173173 674495
18 32732 40963
16 144847 160271
12 390446 747710
18 24324 32034
17 97396 147206
14 231066 436048
12 426237 656979
18 1965 195206
16 181780 550944
19 65704 888440
18 5061 11084
19 7690 53305
8 558520 976512
14 253467 301746
10 514194 714518
15 146611 146953
13 309867 617052
18 10135 67097
17 69949 334785
7 605116 759159
14 239109 352085
14 177351 581518
17 59036 254590
15 171289 817867
7 592976 907805
17 25743 965967
7 628633 779635
14 240367 266720
16 43915 92277
12 335367 426293
5 780478 790803
17 17043 796695
11 428659 543786
16 43557 632460
18 42733 261511
17 17604 549752
17 918 494001
18 725 3999
10 439221 823918
17 24230 32656
17 50148 175210
17 27064 33344
8 567811 774584
17 78020 330313
8 542211 721091
10 419833 818871
7 634460 961146
19 281230 751692
7 626426 987499
4 772913 844411
17 51937 474594
15 163288 167228
9 466860 727385
5 765494 842612
17 20498 197064
18 11213 873588
13 222931 892880
15 176728 489121
9 501853 642060
15 141392 707957
6 719757 777607
15 137500 408861
10 460746 610089
12 318099 585082
18 5907 9059
17 19147 188388
16 104533 158289
16 58867 393576
17 29815 105674
9 530253 639932
15 101371 344239
16 100200 339866
12 357223 911710
11 385175 737573
11 376802 941650
13 246074 982568
14 242574 630013
14 193632 213825
7 609351 872975
15 183719 399415
5 686460 876885
4 832445 998713
8 535755 549408
13 243622 869242
13 318563 579470
12 288842 525952
13 263699 271416
17 22818 414243
17 23528 27611
16 96248 512945
12 314603 334344
13 272058 276964
12 341892 408178
10 446283 483997
17 28806 495133
9 494876 672278
17 27313 286891
14 201645 875995
12 273884 419710
17 42696 101719
6 707071 993586
16 70343 673591
16 61618 276758
17 12653 29602
12 304738 794272
16 122188 339936
5 733919 795088
16 46948 743302
16 119403 525881
10 399008 705652
11 438232 637194
16 40756 464178
13 280106 402665
17 18540 55381
5 742982 996975
15 133801 357339
17 4037 740630
18 595 27124
14 151654 368396
12 368326 524888
15 99031 169690
15 184399 245448
8 539154 763332
17 15327 264549
12 322033 901486
17 28764 32941
16 62893 82528
5 787467 873618
14 178789 316776
16 105516 897534
15 134353 181300
16 85673 93945
15 140591 299837
9 477866 560658
12 321474 955764
12 329248 478227
12 348866 742163
9 494236 521335
17 27075 232958
17 54541 167696
7 601849 850089
3 843919 950771
15 111753 277180
9 538013 826008
8 549064 732891
12 339497 816257
16 51839 86443
3 838110 904592
14 244196 460864
4 737957 979999
11 386475 901144
12 373482 486791
14 148430 332677
16 137183 167396
5 719023 751792
14 171028 177436
5 749633 989450
9 508968 795146
13 295366 314540
5 675968 680794
7 622177 725261
17 27448 300432
17 18478 333784
10 462411 916902
18 3439 3845
8 547804 982972
9 490186 731129
12 326509 437483
5 732934 804598
17 4251 13210
2 882313 988344
16 132772 838961
16 63913 644101
15 137697 217588
12 341004 752513
15 143540 686633
16 70782 91189
15 172736 943621
4 740519 841783
15 166664 217660
12 325166 493383
15 153906 306878
7 618034 637276
13 252938 639144
13 293640 451453
14 191475 548628
17 19240 94487
18 293246 809056
18 1047 7564
16 157861 336584
2 882823 889624
15 135835 141143
17 95483 323465
15 179206 511182
14 229765 768618
15 152531 304074
16 113951 528810
11 412864 962242
13 286566 750316
3 853802 959773
13 278420 904529
7 636666 663216
13 283552 692183
15 199203 445877
14 248212 859555
12 364238 889937
16 90995 359423
17 70941 998131
15 172965 204208
15 210898 500830
15 143797 865098
2 896521 960864
17 76496 165199
14 193656 225308
6 703145 746163
16 121064 282678
18 9814 476508
14 240748 463672
16 116293 599334
14 232468 352234
17 75186 183351
11 421039 559925
14 242579 641206
16 112068 636794
17 119203 447641
16 79045 797521
17 99850 665416
6 681779 735023
18 7075 705411
15 178982 245774
18 33501 40823
15 128952 567046
18 59470 939690
17 5962 258721
15 181850 293320
16 147709 245978
17 46328 82448
12 354563 841985
10 463331 516882
18 8961 106786
17 49341 77912
15 200045 279193
11 414692 460335
17 42567 265379
16 131421 748135
11 415757 555337
12 357955 944940
10 482856 684847
3 818120 939119
8 606040 621983
11 381825 485806
17 81768 212872
16 139670 796260
11 431067 515174
16 93698 273702
9 492643 992659
8 623991 713805
18 4061 31014
13 267352 594007
15 182519 752456
17 33506 92746
14 241264 592052
17 71018 435658
16 137967 347950
15 189559 698259
15 153800 821180
14 218525 435251
18 54128 885985
12 330231 500905
17 86510 712985
1 952691 995173
17 51587 296792
16 145620 187926
17 17789 24696
17 66132 171071
15 202502 396772
15 177255 300724
10 442678 554459
17 58181 288682
17 81762 268953
12 367965 845352
14 228111 583842
12 336283 569549
17 43130 351336
9 539059 609582
17 72546 595935
6 695555 998410
15 127895 941662
14 257946 586986
18 3767 406323
15 191263 459537
16 97091 235950
11 477394 741745
4 783742 956194
12 344266 912882
16 91464 469052
9 560142 674388
15 194137 828778
10 447969 590677
13 313898 636299
18 14430 429080
18 28422 567685
18 1758 444891
18 41873 262233
18 6983 27128
15 224790 649808
16 131781 732360
18 28068 63905
6 691575 753705
13 297799 396736
12 387406 488287
16 136800 390635
14 256573 384701
13 283387 305081
21 41984 517326
16 233386 353242
9 589665 801655
18 118163 121346
18 83 12430
19 62462 89253
21 143583 935572
18 916 3522
3 824352 861625
14 247586 433505
14 251178 259013
18 3216 4222
13 296468 835012
13 313063 986476
13 262882 297793
11 396422 625861
18 46178 181136
13 248477 440128
17 69944 103056
18 5335 314546
16 125613 797375
13 306233 422101
18 894 10492
11 367203 632093
11 441022 808799
11 388894 400404
10 469575 494818
18 42703 722235
10 456759 585597
6 693520 727279
12 346638 623810
9 509198 666905
6 680935 717715
1 932413 999531
15 169520 197494
15 223846 761043
13 240385 820625
17 70399 607333
15 163853 800845
15 200385 679234
5 747577 839187
18 2955 577608
15 167280 256322
18 124 584017
18 20870 31453
14 268664 585820
