26 71197 230835
19 460518 960650
14 318809 778550
10 771268 788750
14 400125 973409
13 182915 319659
11 41082 370493
13 331572 782911
12 136125 881744
14 360611 993683
13 133491 487348
10 24373 191243
10 857551 858622
11 768517 839031
14 430961 722640
13 402554 780470
12 724024 810363
11 150132 171417
14 475087 885284
11 85856 312566
13 210753 876102
10 1450 14594
14 477705 931644
11 85038 401716
11 113047 448787
14 414163 915678
14 551780 864847
11 93515 98274
14 436352 804105
11 71384 117124
10 39387 131331
10 823095 934783
12 656238 686906
11 80960 420964
14 304539 606045
12 99513 200096
10 9112 327735
12 50392 298200
14 419289 575244
11 99420 721078
12 656285 972681
14 515140 619360
10 46581 363951
12 691218 825102
11 116400 119126
12 173993 303152
14 518559 590216
14 427567 771322
13 451294 621859
11 60636 161536
12 114211 340883
12 630158 865695
11 88627 105953
11 1381 20186
11 112342 430373
13 254021 793157
12 155802 396257
10 58692 929540
12 145628 950069
11 736843 873553
13 234756 877677
13 268236 533069
12 148056 200292
11 56514 455889
13 566521 593760
11 81874 184533
11 751278 930351
14 258193 741129
12 93405 166896
14 238545 443465
14 214895 231219
16 432812 737125
14 258327 937857
11 95481 181919
14 476805 932695
13 239573 655271
11 679223 700387
14 329389 532297
13 267593 850361
11 134825 891393
12 99855 281146
11 109143 355623
13 370763 982669
12 139292 241950
14 414606 898415
13 363426 468000
13 223573 326324
11 58165 313035
12 197652 295592
12 68090 359924
14 196608 665502
11 33414 39093
14 236604 346132
14 446792 572797
14 482931 988938
11 5202 5343
10 31811 51753
13 333252 787911
11 720153 783051
12 177070 359997
12 185377 286952
11 30023 242636
13 417183 705696
11 11515 43303
12 213554 828792
12 162740 481417
10 2750 214251
11 34834 367555
11 3869 432499
13 366014 973689
13 251140 913324
11 78862 169452
11 90648 629921
10 15182 51191
12 99978 155914
11 61105 82262
13 335650 797770
13 600091 819759
13 331930 530183
11 81360 167319
14 578419 774937
13 266980 495192
13 306133 363242
12 124371 313287
12 229368 368922
13 337512 604204
11 12092 403979
12 166389 667591
14 265344 298755
14 469442 503920
12 97365 136525
15 346340 435860
11 43699 55223
11 32153 197958
12 184384 192927
12 82557 115273
13 231201 273333
13 613219 941535
11 63653 274234
13 307837 576693
13 267127 847626
11 13662 100625
12 105675 219800
11 54736 68602
13 321714 323096
12 123989 547635
15 398063 481893
12 202508 501430
13 217014 378413
13 261295 407494
14 224478 312042
12 113615 329310
10 41405 108908
13 279739 293044
13 300307 856064
13 233977 508745
14 513724 660878
11 4003 85573
10 1843 23932
14 322316 417311
12 655292 822022
11 3390 4096
12 175462 420071
12 710739 910584
10 28240 31657
14 487990 983782
13 241017 940043
11 76276 118099
12 149434 234364
11 118537 775404
13 215145 815149
10 41909 60861
14 334087 561857
10 492 16058
12 198234 741509
13 121749 787812
13 86383 433201
12 127595 414863
12 193648 352349
11 97200 825991
13 651388 844557
13 361100 483688
11 12630 19842
13 301793 401356
11 113161 898808
11 37690 38887
11 434 16112
10 58518 145690
13 212484 338181
13 240722 633294
12 130752 149064
13 516656 970293
13 680631 884127
13 332641 977817
11 761 279640
12 172196 976538
10 6215 89486
14 338858 960840
11 44165 571681
11 75074 345729
14 378112 725187
13 323167 423444
11 57998 324432
11 2222 324990
10 40052 99516
12 101055 441854
10 3543 9494
14 385871 718976
11 144211 869437
10 837369 920308
11 45836 667560
11 11302 89894
12 637272 643444
12 188498 284916
11 52428 754499
11 762475 975857
10 57880 252159
13 644915 762012
10 58283 387067
11 77893 451011
12 106855 149995
10 835022 932633
10 45625 66545
11 3999 48391
12 168015 835109
13 534843 995043
14 362099 436278
14 418462 493789
14 405367 435748
10 35032 132996
11 58638 58787
12 128544 818857
12 211399 453178
14 410824 547314
9 919713 951902
11 15446 63962
11 84649 131542
13 286018 664702
12 48821 357588
10 49621 576554
14 445781 611341
13 674095 898408
11 25686 45289
14 470081 486857
12 186464 779527
13 270051 282279
14 491145 888074
12 122217 239874
10 30699 291044
11 17983 65837
10 18055 983132
13 192299 257180
13 495539 666775
11 31105 147782
13 190261 442714
15 487323 487500
13 629923 867101
11 24072 354130
14 386859 646150
9 923037 935007
13 710673 875405
14 458918 947035
11 137953 271932
15 425832 981516
13 634150 678634
14 231970 267471
12 624033 886500
11 39083 954630
13 201910 957476
10 3162 697240
13 310202 579972
12 150854 455492
12 141395 955958
10 39186 548355
13 272354 815946
13 281362 665770
12 89266 170581
10 13571 16345
11 26354 481784
13 280962 479597
10 8220 17714
13 330877 858005
10 28376 73077
13 310331 829422
11 53865 197981
13 333042 490292
11 28792 760106
11 71990 245405
12 216919 611998
15 169407 258483
23 15688 301881
13 110019 545561
12 10583 60557
12 696411 907092
14 297608 778245
14 311979 641264
12 123927 601323
12 758189 843195
13 265863 519252
14 367424 432928
11 312 945
15 439851 537889
14 250590 545391
11 97184 274788
11 53947 522819
13 184836 447043
10 7463 946036
11 30478 411736
14 388099 761602
12 133144 633096
11 29334 32864
11 67118 84107
12 192012 622648
14 411083 466141
11 13508 293128
13 195582 393901
14 496721 723273
11 32780 428845
14 426237 452623
12 84985 309481
14 483469 667381
14 288534 378874
11 98244 163879
13 308543 545518
11 24086 125299
12 107480 145743
14 263212 538198
14 231564 295034
12 161475 561668
12 196171 624641
14 410951 506083
11 25388 228783
10 14968 119761
11 46886 74874
13 342194 597598
12 116291 120917
13 390266 672982
12 131755 203352
14 359851 375651
11 134641 170168
11 20681 81201
13 227831 376543
13 332190 635486
13 307758 735924
12 154859 607265
11 40904 54026
12 117382 202336
13 137225 793010
11 125064 609952
12 185980 543201
12 721166 741701
12 224792 390612
14 394950 880267
12 705855 744577
12 166279 704582
12 200213 490029
11 28942 78403
13 127028 380753
15 476757 530652
12 49447 383252
11 3101 84961
12 35096 46779
12 111768 244704
12 64583 343518
13 178219 244884
11 10799 32143
13 671716 827248
14 485553 920091
12 78967 342141
12 64611 157175
13 161451 599578
15 432048 527547
13 266566 612608
14 424255 438586
9 863125 984717
14 497342 643463
11 78162 292266
9 915455 994455
11 18504 109950
11 730576 756453
12 166731 287050
12 219318 391634
13 186314 287109
11 130977 144819
11 15600 158552
10 12228 133807
12 137282 611087
11 136540 756839
13 188641 209483
13 404148 629651
12 125013 164141
13 561342 844373
12 193550 368060
12 155656 866959
11 1255 166122
14 516656 841870
10 4422 4442
10 18232 729915
14 553872 814667
12 204126 496178
12 198309 659949
12 742416 748186
16 168480 747700
11 771536 935805
14 83838 607162
13 187173 251351
12 123739 308749
11 13318 17087
10 33179 197441
14 552001 570933
11 53804 373678
11 32331 271032
14 319288 648842
12 56305 678800
11 767907 936470
14 266812 553254
10 9162 11850
11 37901 193552
13 519054 843881
12 137563 220592
10 16764 281388
10 858459 937777
12 120971 159021
11 123677 168712
14 382280 609117
12 163334 788120
10 847596 954416
11 87104 114892
13 450745 591374
12 68266 174075
13 467270 644648
14 318775 528463
10 341 40226
11 39285 99820
16 503329 536840
14 513171 964389
13 224656 226631
10 900557 994720
11 47244 115746
10 517 16051
14 188188 321333
13 166441 579211
11 13869 998374
11 118667 137230
11 22863 42871
14 349016 380281
10 19939 147366
13 157472 429340
13 573698 591640
11 109539 973477
12 123201 396576
14 359261 369602
11 50564 108247
13 240914 406771
11 100275 730051
13 278466 639064
11 56434 151942
14 516119 552878
11 47282 66952
13 334518 929079
13 576344 644567
12 81066 130631
13 361785 821092
12 198742 838268
11 61676 85798
12 725077 988883
13 338667 494620
14 392666 795945
11 49117 585388
11 71266 631563
10 3935 354775
11 14931 24284
13 319672 806545
11 762484 771888
14 547464 677192
11 14305 53494
12 151133 958959
13 243349 624936
14 362533 823504
10 9348 84280
11 4073 31821
13 396125 473318
11 42542 125943
13 263848 322486
11 11148 61777
12 223175 580301
14 357819 668835
14 486427 641641
11 33922 129652
10 59083 252819
13 187609 268071
10 26794 889558
12 163948 402003
13 301330 472216
11 68781 138338
13 617838 632226
11 60368 850576
13 236606 257662
11 125952 140009
14 500821 650265
10 22243 121426
12 149032 271805
13 600971 905552
12 161946 311810
12 190182 391282
13 216378 688643
10 21640 133173
13 583409 972532
11 71844 132297
13 589024 590755
14 423854 621768
12 136133 463453
10 373 146521
14 456131 806038
11 43846 254549
13 533912 631021
14 589773 878023
10 17077 786466
13 223937 326119
13 538993 706399
11 802340 922957
12 176614 222305
14 527305 835381
12 199735 232107
11 107131 267974
14 537221 938630
14 543028 767680
10 17460 17588
11 50584 600936
14 320666 526434
13 545183 549505
12 171066 650707
11 53790 438248
13 200764 379528
11 53068 539082
11 108808 567632
12 207179 874371
12 179236 443160
13 588622 931703
14 271196 928492
13 314193 603189
11 84250 130105
14 494746 531280
12 689494 696869
11 69465 84579
14 415406 488122
14 352534 429485
12 83059 610692
14 255338 906573
12 64845 780629
13 716876 951328
15 317348 532469
12 114729 890457
11 3626 62255
13 199234 864763
13 60431 142877
14 427959 737541
13 288701 797253
14 334059 900005
13 291222 474192
13 634811 763869
14 450577 834264
11 120632 252175
13 617357 905809
12 136480 390378
13 360196 365739
12 12128 150307
13 272244 789854
12 82210 309707
14 386192 696829
13 302301 565003
13 234437 565137
10 3037 48838
14 353219 894278
14 395382 894940
9 918795 950056
13 265485 827067
9 886533 973477
12 86807 996303
13 401063 858036
13 243787 660183
12 154824 288101
12 176845 360947
13 245676 257178
13 272048 711870
12 176172 276844
13 214139 247961
15 378016 693883
12 153987 220848
11 24479 318082
10 10673 89413
12 99688 141079
14 378336 402851
14 376039 637034
12 226134 510324
11 63089 147022
10 18298 182348
11 2858 109388
12 211725 376414
14 439441 589863
12 146642 185761
12 224271 731181
12 133408 464868
13 490042 791144
11 38258 43373
11 47623 786866
12 191423 731391
11 104714 660590
13 180620 471038
11 117169 544575
11 957 314855
12 218766 295685
11 87734 349504
12 110352 418284
10 45388 49367
11 17107 252781
11 3919 347020
11 21854 125416
11 82933 206281
13 413212 419829
11 33794 738888
13 232450 691242
11 113517 124540
11 13802 545565
12 220597 994124
13 615119 620107
14 458257 500044
13 475878 581627
13 150739 197099
11 105018 293029
13 604723 686023
13 20449 367969
13 564043 962345
11 67179 221309
13 692096 915278
12 33571 79591
12 65284 189351
14 581987 717566
14 430637 527856
13 173173 674495
11 32732 40963
12 144847 160271
15 390446 747710
10 24324 32034
12 97396 147206
12 231066 436048
14 426237 656979
10 1965 195206
12 181780 550944
11 65704 888440
11 5061 11084
11 7690 53305
13 558520 976512
13 253467 301746
14 514194 714518
12 146611 146953
14 309867 617052
11 10135 67097
11 69949 334785
14 605116 759159
14 239109 352085
13 177351 581518
12 59036 254590
13 171289 817867
14 592976 907805
11 25743 965967
13 628633 779635
13 240367 266720
11 43915 92277
14 335367 426293
10 780478 790803
11 17043 796695
14 428659 543786
11 43557 632460
11 42733 261511
11 17604 549752
11 918 494001
10 725 3999
15 439221 823918
10 24230 32656
11 50148 175210
11 27064 33344
13 567811 774584
12 78020 330313
13 542211 721091
14 419833 818871
13 634460 961146
14 281230 751692
14 626426 987499
11 772913 844411
11 51937 474594
12 163288 167228
14 466860 727385
11 765494 842612
11 20498 197064
10 11213 873588
13 222931 892880
12 176728 489121
14 501853 642060
13 141392 707957
11 719757 777607
12 137500 408861
14 460746 610089
14 318099 585082
11 5907 9059
11 19147 188388
11 104533 158289
11 58867 393576
11 29815 105674
14 530253 639932
12 101371 344239
11 100200 339866
14 357223 911710
14 385175 737573
15 376802 941650
13 246074 982568
13 242574 630013
13 193632 213825
13 609351 872975
12 183719 399415
12 686460 876885
10 832445 998713
14 535755 549408
13 243622 869242
13 318563 579470
13 288842 525952
13 263699 271416
11 22818 414243
10 23528 27611
11 96248 512945
14 314603 334344
12 272058 276964
14 341892 408178
14 446283 483997
10 28806 495133
14 494876 672278
11 27313 286891
12 201645 875995
13 273884 419710
11 42696 101719
11 707071 993586
11 70343 673591
11 61618 276758
11 12653 29602
14 304738 794272
13 122188 339936
11 733919 795088
11 46948 743302
11 119403 525881
14 399008 705652
14 438232 637194
10 40756 464178
13 280106 402665
11 18540 55381
11 742982 996975
11 133801 357339
11 4037 740630
10 595 27124
12 151654 368396
14 368326 524888
11 99031 169690
12 184399 245448
14 539154 763332
11 15327 264549
13 322033 901486
11 28764 32941
11 62893 82528
11 787467 873618
12 178789 316776
12 105516 897534
11 134353 181300
12 85673 93945
12 140591 299837
14 477866 560658
13 321474 955764
14 329248 478227
13 348866 742163
14 494236 521335
10 27075 232958
11 54541 167696
13 601849 850089
11 843919 950771
12 111753 277180
13 538013 826008
13 549064 732891
14 339497 816257
11 51839 86443
10 838110 904592
13 244196 460864
11 737957 979999
14 386475 901144
14 373482 486791
12 148430 332677
11 137183 167396
12 719023 751792
12 171028 177436
11 749633 989450
13 508968 795146
14 295366 314540
11 675968 680794
13 622177 725261
12 27448 300432
12 18478 333784
14 462411 916902
10 3439 3845
13 547804 982972
14 490186 731129
13 326509 437483
12 732934 804598
10 4251 13210
9 882313 988344
12 132772 838961
11 63913 644101
12 137697 217588
13 341004 752513
12 143540 686633
11 70782 91189
12 172736 943621
11 740519 841783
12 166664 217660
13 325166 493383
12 153906 306878
13 618034 637276
15 252938 639144
15 293640 451453
14 191475 548628
12 19240 94487
15 293246 809056
11 1047 7564
15 157861 336584
11 882823 889624
15 135835 141143
13 95483 323465
14 179206 511182
15 229765 768618
13 152531 304074
12 113951 528810
15 412864 962242
15 286566 750316
11 853802 959773
13 278420 904529
13 636666 663216
14 283552 692183
12 199203 445877
13 248212 859555
14 364238 889937
12 90995 359423
11 70941 998131
12 172965 204208
13 210898 500830
12 143797 865098
9 896521 960864
11 76496 165199
13 193656 225308
12 703145 746163
12 121064 282678
11 9814 476508
13 240748 463672
12 116293 599334
14 232468 352234
12 75186 183351
15 421039 559925
13 242579 641206
12 112068 636794
12 119203 447641
11 79045 797521
12 99850 665416
12 681779 735023
11 7075 705411
12 178982 245774
12 33501 40823
11 128952 567046
11 59470 939690
11 5962 258721
13 181850 293320
12 147709 245978
11 46328 82448
14 354563 841985
14 463331 516882
11 8961 106786
11 49341 77912
13 200045 279193
15 414692 460335
11 42567 265379
12 131421 748135
14 415757 555337
15 357955 944940
14 482856 684847
10 818120 939119
13 606040 621983
13 381825 485806
11 81768 212872
12 139670 796260
14 431067 515174
11 93698 273702
14 492643 992659
12 623991 713805
11 4061 31014
13 267352 594007
12 182519 752456
10 33506 92746
13 241264 592052
11 71018 435658
12 137967 347950
12 189559 698259
12 153800 821180
12 218525 435251
11 54128 885985
13 330231 500905
11 86510 712985
9 952691 995173
11 51587 296792
12 145620 187926
11 17789 24696
12 66132 171071
14 202502 396772
12 177255 300724
14 442678 554459
11 58181 288682
11 81762 268953
14 367965 845352
13 228111 583842
13 336283 569549
11 43130 351336
13 539059 609582
11 72546 595935
12 695555 998410
11 127895 941662
13 257946 586986
11 3767 406323
12 191263 459537
11 97091 235950
14 477394 741745
10 783742 956194
14 344266 912882
11 91464 469052
13 560142 674388
12 194137 828778
14 447969 590677
14 313898 636299
10 14430 429080
11 28422 567685
10 1758 444891
11 41873 262233
10 6983 27128
13 224790 649808
11 131781 732360
11 28068 63905
11 691575 753705
14 297799 396736
13 387406 488287
12 136800 390635
13 256573 384701
13 283387 305081
10 41984 517326
13 233386 353242
13 589665 801655
11 118163 121346
11 83 12430
10 62462 89253
12 143583 935572
11 916 3522
10 824352 861625
12 247586 433505
13 251178 259013
11 3216 4222
13 296468 835012
13 313063 986476
13 262882 297793
14 396422 625861
10 46178 181136
14 248477 440128
12 69944 103056
10 5335 314546
12 125613 797375
13 306233 422101
11 894 10492
13 367203 632093
14 441022 808799
14 388894 400404
14 469575 494818
10 42703 722235
14 456759 585597
12 693520 727279
13 346638 623810
16 509198 666905
11 680935 717715
9 932413 999531
12 169520 197494
13 223846 761043
13 240385 820625
11 70399 607333
12 163853 800845
12 200385 679234
11 747577 839187
10 2955 577608
12 167280 256322
11 124 584017
10 20870 31453
13 268664 585820
