214 71197 230835
30 460518 960650
23 318809 778550
10 771268 788750
26 400125 973409
30 182915 319659
32 41082 370493
25 331572 782911
31 136125 881744
24 360611 993683
31 133491 487348
32 24373 191243
6 857551 858622
9 768517 839031
30 430961 722640
23 402554 780470
11 724024 810363
29 150132 171417
20 475087 885284
31 85856 312566
26 210753 876102
32 1450 14594
21 477705 931644
30 85038 401716
31 113047 448787
23 414163 915678
18 551780 864847
31 93515 98274
24 436352 804105
30 71384 117124
31 39387 131331
7 823095 934783
13 656238 686906
31 80960 420964
25 304539 606045
31 99513 200096
31 9112 327735
35 50392 298200
24 419289 575244
30 99420 721078
13 656285 972681
21 515140 619360
31 46581 363951
12 691218 825102
29 116400 119126
29 173993 303152
18 518559 590216
22 427567 771322
22 451294 621859
31 60636 161536
29 114211 340883
15 630158 865695
38 88627 105953
30 1381 20186
29 112342 430373
24 254021 793157
28 155802 396257
30 58692 929540
28 145628 950069
10 736843 873553
25 234756 877677
24 268236 533069
28 148056 200292
29 56514 455889
17 566521 593760
30 81874 184533
9 751278 930351
25 258193 741129
29 93405 166896
25 238545 443465
25 214895 231219
21 432812 737125
25 258327 937857
29 95481 181919
19 476805 932695
25 239573 655271
14 679223 700387
23 329389 532297
25 267593 850361
28 134825 891393
28 99855 281146
29 109143 355623
22 370763 982669
28 139292 241950
22 414606 898415
22 363426 468000
26 223573 326324
29 58165 313035
26 197652 295592
29 68090 359924
32 196608 665502
30 33414 39093
25 236604 346132
21 446792 572797
19 482931 988938
30 5202 5343
30 31811 51753
24 333252 787911
11 720153 783051
27 177070 359997
28 185377 286952
31 30023 242636
21 417183 705696
31 11515 43303
25 213554 828792
28 162740 481417
30 2750 214251
31 34834 367555
31 3869 432499
23 366014 973689
26 251140 913324
30 78862 169452
30 90648 629921
32 15182 51191
30 99978 155914
30 61105 82262
24 335650 797770
16 600091 819759
24 331930 530183
33 81360 167319
17 578419 774937
26 266980 495192
26 306133 363242
34 124371 313287
26 229368 368922
24 337512 604204
37 12092 403979
28 166389 667591
25 265344 298755
20 469442 503920
29 97365 136525
23 346340 435860
30 43699 55223
30 32153 197958
29 184384 192927
29 82557 115273
26 231201 273333
16 613219 941535
29 63653 274234
24 307837 576693
25 267127 847626
30 13662 100625
31 105675 219800
32 54736 68602
24 321714 323096
31 123989 547635
25 398063 481893
28 202508 501430
31 217014 378413
27 261295 407494
28 224478 312042
29 113615 329310
31 41405 108908
26 279739 293044
24 300307 856064
27 233977 508745
19 513724 660878
31 4003 85573
32 1843 23932
24 322316 417311
13 655292 822022
31 3390 4096
36 175462 420071
11 710739 910584
30 28240 31657
20 487990 983782
26 241017 940043
30 76276 118099
28 149434 234364
28 118537 775404
26 215145 815149
30 41909 60861
24 334087 561857
32 492 16058
26 198234 741509
29 121749 787812
29 86383 433201
29 127595 414863
29 193648 352349
33 97200 825991
15 651388 844557
23 361100 483688
30 12630 19842
25 301793 401356
29 113161 898808
30 37690 38887
31 434 16112
31 58518 145690
28 212484 338181
25 240722 633294
28 130752 149064
18 516656 970293
12 680631 884127
24 332641 977817
31 761 279640
28 172196 976538
31 6215 89486
24 338858 960840
36 44165 571681
30 75074 345729
23 378112 725187
25 323167 423444
30 57998 324432
30 2222 324990
31 40052 99516
29 101055 441854
31 3543 9494
22 385871 718976
29 144211 869437
6 837369 920308
30 45836 667560
31 11302 89894
14 637272 643444
27 188498 284916
30 52428 754499
8 762475 975857
30 57880 252159
13 644915 762012
30 58283 387067
29 77893 451011
28 106855 149995
7 835022 932633
34 45625 66545
31 3999 48391
27 168015 835109
18 534843 995043
23 362099 436278
21 418462 493789
22 405367 435748
30 35032 132996
31 58638 58787
31 128544 818857
25 211399 453178
22 410824 547314
2 919713 951902
38 15446 63962
31 84649 131542
24 286018 664702
31 48821 357588
33 49621 576554
22 445781 611341
12 674095 898408
31 25686 45289
19 470081 486857
27 186464 779527
25 270051 282279
19 491145 888074
28 122217 239874
31 30699 291044
30 17983 65837
30 18055 983132
26 192299 257180
19 495539 666775
30 31105 147782
26 190261 442714
19 487323 487500
15 629923 867101
30 24072 354130
23 386859 646150
2 923037 935007
12 710673 875405
21 458918 947035
29 137953 271932
22 425832 981516
15 634150 678634
27 231970 267471
18 624033 886500
32 39083 954630
27 201910 957476
30 3162 697240
24 310202 579972
28 150854 455492
28 141395 955958
32 39186 548355
32 272354 815946
28 281362 665770
30 89266 170581
31 13571 16345
38 26354 481784
27 280962 479597
35 8220 17714
26 330877 858005
33 28376 73077
27 310331 829422
34 53865 197981
26 333042 490292
34 28792 760106
31 71990 245405
27 216919 611998
29 169407 258483
31 15688 301881
30 110019 545561
32 10583 60557
11 696411 907092
24 297608 778245
24 311979 641264
28 123927 601323
10 758189 843195
25 265863 519252
22 367424 432928
31 312 945
23 439851 537889
28 250590 545391
33 97184 274788
31 53947 522819
27 184836 447043
31 7463 946036
31 30478 411736
22 388099 761602
35 133144 633096
31 29334 32864
32 67118 84107
27 192012 622648
24 411083 466141
32 13508 293128
28 195582 393901
21 496721 723273
32 32780 428845
22 426237 452623
30 84985 309481
21 483469 667381
25 288534 378874
29 98244 163879
25 308543 545518
31 24086 125299
29 107480 145743
25 263212 538198
31 231564 295034
33 161475 561668
28 196171 624641
25 410951 506083
34 25388 228783
33 14968 119761
33 46886 74874
25 342194 597598
32 116291 120917
24 390266 672982
30 131755 203352
24 359851 375651
29 134641 170168
31 20681 81201
25 227831 376543
25 332190 635486
25 307758 735924
29 154859 607265
38 40904 54026
29 117382 202336
28 137225 793010
29 125064 609952
27 185980 543201
11 721166 741701
26 224792 390612
24 394950 880267
11 705855 744577
28 166279 704582
27 200213 490029
30 28942 78403
29 127028 380753
20 476757 530652
30 49447 383252
31 3101 84961
31 35096 46779
29 111768 244704
30 64583 343518
27 178219 244884
31 10799 32143
12 671716 827248
20 485553 920091
29 78967 342141
30 64611 157175
27 161451 599578
22 432048 527547
24 266566 612608
23 424255 438586
5 863125 984717
18 497342 643463
31 78162 292266
2 915455 994455
31 18504 109950
10 730576 756453
28 166731 287050
26 219318 391634
39 186314 287109
56 130977 144819
45 15600 158552
42 12228 133807
35 137282 611087
28 136540 756839
27 188641 209483
23 404148 629651
30 125013 164141
18 561342 844373
27 193550 368060
29 155656 866959
32 1255 166122
19 516656 841870
32 4422 4442
31 18232 729915
17 553872 814667
26 204126 496178
26 198309 659949
10 742416 748186
27 168480 747700
8 771536 935805
29 83838 607162
27 187173 251351
30 123739 308749
30 13318 17087
30 33179 197441
17 552001 570933
30 53804 373678
30 32331 271032
24 319288 648842
30 56305 678800
8 767907 936470
25 266812 553254
30 9162 11850
30 37901 193552
18 519054 843881
28 137563 220592
36 16764 281388
5 858459 937777
28 120971 159021
28 123677 168712
23 382280 609117
27 163334 788120
6 847596 954416
29 87104 114892
20 450745 591374
30 68266 174075
19 467270 644648
24 318775 528463
30 341 40226
30 39285 99820
19 503329 536840
18 513171 964389
25 224656 226631
3 900557 994720
30 47244 115746
30 517 16051
27 188188 321333
27 166441 579211
31 13869 998374
28 118667 137230
30 22863 42871
23 349016 380281
30 19939 147366
28 157472 429340
16 573698 591640
29 109539 973477
28 123201 396576
23 359261 369602
29 50564 108247
25 240914 406771
29 100275 730051
25 278466 639064
29 56434 151942
18 516119 552878
36 47282 66952
23 334518 929079
16 576344 644567
29 81066 130631
23 361785 821092
26 198742 838268
29 61676 85798
11 725077 988883
23 338667 494620
22 392666 795945
30 49117 585388
29 71266 631563
31 3935 354775
30 14931 24284
23 319672 806545
9 762484 771888
17 547464 677192
30 14305 53494
28 151133 958959
25 243349 624936
23 362533 823504
30 9348 84280
31 4073 31821
22 396125 473318
30 42542 125943
25 263848 322486
30 11148 61777
26 223175 580301
22 357819 668835
19 486427 641641
30 33922 129652
30 59083 252819
27 187609 268071
30 26794 889558
28 163948 402003
24 301330 472216
29 68781 138338
15 617838 632226
35 60368 850576
25 236606 257662
28 125952 140009
18 500821 650265
30 22243 121426
28 149032 271805
16 600971 905552
27 161946 311810
26 190182 391282
26 216378 688643
30 21640 133173
16 583409 972532
29 71844 132297
16 589024 590755
21 423854 621768
28 136133 463453
30 373 146521
21 456131 806038
30 43846 254549
17 533912 631021
16 589773 878023
30 17077 786466
25 223937 326119
18 538993 706399
7 802340 922957
27 176614 222305
18 527305 835381
26 199735 232107
29 107131 267974
17 537221 938630
17 543028 767680
30 17460 17588
30 50584 600936
24 320666 526434
17 545183 549505
27 171066 650707
30 53790 438248
26 200764 379528
31 53068 539082
28 108808 567632
32 207179 874371
27 179236 443160
16 588622 931703
25 271196 928492
24 314193 603189
30 84250 130105
19 494746 531280
12 689494 696869
30 69465 84579
23 415406 488122
23 352534 429485
29 83059 610692
25 255338 906573
32 64845 780629
11 716876 951328
24 317348 532469
31 114729 890457
33 3626 62255
28 199234 864763
31 60431 142877
22 427959 737541
25 288701 797253
24 334059 900005
25 291222 474192
15 634811 763869
22 450577 834264
30 120632 252175
16 617357 905809
29 136480 390378
24 360196 365739
32 12128 150307
25 272244 789854
31 82210 309707
23 386192 696829
26 302301 565003
26 234437 565137
32 3037 48838
25 353219 894278
23 395382 894940
2 918795 950056
25 265485 827067
5 886533 973477
37 86807 996303
22 401063 858036
25 243787 660183
28 154824 288101
27 176845 360947
25 245676 257178
24 272048 711870
28 176172 276844
26 214139 247961
23 378016 693883
28 153987 220848
30 24479 318082
31 10673 89413
28 99688 141079
23 378336 402851
22 376039 637034
26 226134 510324
30 63089 147022
30 18298 182348
31 2858 109388
25 211725 376414
21 439441 589863
28 146642 185761
25 224271 731181
29 133408 464868
19 490042 791144
30 38258 43373
30 47623 786866
26 191423 731391
29 104714 660590
27 180620 471038
28 117169 544575
31 957 314855
25 218766 295685
29 87734 349504
32 110352 418284
30 45388 49367
30 17107 252781
31 3919 347020
30 21854 125416
29 82933 206281
22 413212 419829
30 33794 738888
28 232450 691242
28 113517 124540
31 13802 545565
25 220597 994124
15 615119 620107
21 458257 500044
19 475878 581627
27 150739 197099
29 105018 293029
15 604723 686023
30 20449 367969
17 564043 962345
30 67179 221309
12 692096 915278
30 33571 79591
29 65284 189351
16 581987 717566
21 430637 527856
28 173173 674495
30 32732 40963
28 144847 160271
22 390446 747710
30 24324 32034
29 97396 147206
25 231066 436048
21 426237 656979
31 1965 195206
27 181780 550944
29 65704 888440
34 5061 11084
30 7690 53305
17 558520 976512
25 253467 301746
19 514194 714518
28 146611 146953
24 309867 617052
31 10135 67097
29 69949 334785
16 605116 759159
25 239109 352085
28 177351 581518
30 59036 254590
27 171289 817867
17 592976 907805
31 25743 965967
14 628633 779635
26 240367 266720
30 43915 92277
23 335367 426293
8 780478 790803
31 17043 796695
21 428659 543786
30 43557 632460
30 42733 261511
31 17604 549752
31 918 494001
30 725 3999
22 439221 823918
30 24230 32656
30 50148 175210
31 27064 33344
16 567811 774584
29 78020 330313
18 542211 721091
21 419833 818871
14 634460 961146
25 281230 751692
14 626426 987499
9 772913 844411
32 51937 474594
27 163288 167228
20 466860 727385
8 765494 842612
31 20498 197064
30 11213 873588
26 222931 892880
27 176728 489121
18 501853 642060
28 141392 707957
11 719757 777607
29 137500 408861
19 460746 610089
24 318099 585082
31 5907 9059
30 19147 188388
29 104533 158289
30 58867 393576
30 29815 105674
17 530253 639932
29 101371 344239
29 100200 339866
23 357223 911710
22 385175 737573
23 376802 941650
25 246074 982568
25 242574 630013
26 193632 213825
15 609351 872975
27 183719 399415
12 686460 876885
6 832445 998713
18 535755 549408
25 243622 869242
23 318563 579470
25 288842 525952
24 263699 271416
31 22818 414243
30 23528 27611
29 96248 512945
24 314603 334344
27 272058 276964
23 341892 408178
21 446283 483997
31 28806 495133
19 494876 672278
31 27313 286891
26 201645 875995
25 273884 419710
30 42696 101719
11 707071 993586
29 70343 673591
30 61618 276758
30 12653 29602
24 304738 794272
29 122188 339936
10 733919 795088
30 46948 743302
29 119403 525881
22 399008 705652
21 438232 637194
31 40756 464178
24 280106 402665
32 18540 55381
10 742982 996975
29 133801 357339
32 4037 740630
34 595 27124
28 151654 368396
23 368326 524888
29 99031 169690
27 184399 245448
17 539154 763332
31 15327 264549
23 322033 901486
31 28764 32941
30 62893 82528
9 787467 873618
28 178789 316776
32 105516 897534
29 134353 181300
32 85673 93945
29 140591 299837
21 477866 560658
25 321474 955764
25 329248 478227
24 348866 742163
19 494236 521335
33 27075 232958
32 54541 167696
17 601849 850089
5 843919 950771
29 111753 277180
19 538013 826008
17 549064 732891
23 339497 816257
30 51839 86443
6 838110 904592
26 244196 460864
10 737957 979999
22 386475 901144
23 373482 486791
28 148430 332677
27 137183 167396
10 719023 751792
28 171028 177436
9 749633 989450
19 508968 795146
24 295366 314540
12 675968 680794
15 622177 725261
30 27448 300432
30 18478 333784
20 462411 916902
32 3439 3845
17 547804 982972
19 490186 731129
23 326509 437483
10 732934 804598
31 4251 13210
4 882313 988344
28 132772 838961
30 63913 644101
28 137697 217588
26 341004 752513
28 143540 686633
29 70782 91189
28 172736 943621
10 740519 841783
27 166664 217660
23 325166 493383
28 153906 306878
15 618034 637276
25 252938 639144
24 293640 451453
27 191475 548628
31 19240 94487
25 293246 809056
32 1047 7564
28 157861 336584
5 882823 889624
28 135835 141143
30 95483 323465
28 179206 511182
26 229765 768618
28 152531 304074
29 113951 528810
21 412864 962242
24 286566 750316
5 853802 959773
25 278420 904529
14 636666 663216
24 283552 692183
26 199203 445877
25 248212 859555
22 364238 889937
29 90995 359423
30 70941 998131
27 172965 204208
26 210898 500830
28 143797 865098
2 896521 960864
30 76496 165199
25 193656 225308
12 703145 746163
30 121064 282678
31 9814 476508
25 240748 463672
29 116293 599334
25 232468 352234
31 75186 183351
21 421039 559925
26 242579 641206
29 112068 636794
28 119203 447641
30 79045 797521
29 99850 665416
12 681779 735023
30 7075 705411
28 178982 245774
30 33501 40823
28 128952 567046
30 59470 939690
31 5962 258721
27 181850 293320
28 147709 245978
30 46328 82448
23 354563 841985
20 463331 516882
30 8961 106786
30 49341 77912
26 200045 279193
23 414692 460335
30 42567 265379
28 131421 748135
23 415757 555337
23 357955 944940
19 482856 684847
7 818120 939119
15 606040 621983
22 381825 485806
30 81768 212872
30 139670 796260
22 431067 515174
29 93698 273702
19 492643 992659
14 623991 713805
31 4061 31014
24 267352 594007
27 182519 752456
32 33506 92746
25 241264 592052
30 71018 435658
28 137967 347950
27 189559 698259
27 153800 821180
26 218525 435251
30 54128 885985
23 330231 500905
29 86510 712985
1 952691 995173
30 51587 296792
28 145620 187926
30 17789 24696
30 66132 171071
25 202502 396772
28 177255 300724
22 442678 554459
30 58181 288682
30 81762 268953
24 367965 845352
27 228111 583842
24 336283 569549
33 43130 351336
20 539059 609582
32 72546 595935
14 695555 998410
31 127895 941662
25 257946 586986
32 3767 406323
29 191263 459537
31 97091 235950
21 477394 741745
8 783742 956194
25 344266 912882
31 91464 469052
17 560142 674388
29 194137 828778
22 447969 590677
26 313898 636299
33 14430 429080
31 28422 567685
31 1758 444891
30 41873 262233
30 6983 27128
27 224790 649808
36 131781 732360
31 28068 63905
12 691575 753705
28 297799 396736
23 387406 488287
28 136800 390635
25 256573 384701
25 283387 305081
31 41984 517326
29 233386 353242
18 589665 801655
33 118163 121346
32 83 12430
31 62462 89253
29 143583 935572
35 916 3522
7 824352 861625
26 247586 433505
25 251178 259013
31 3216 4222
24 296468 835012
23 313063 986476
26 262882 297793
23 396422 625861
35 46178 181136
26 248477 440128
31 69944 103056
32 5335 314546
30 125613 797375
25 306233 422101
32 894 10492
24 367203 632093
22 441022 808799
23 388894 400404
21 469575 494818
31 42703 722235
21 456759 585597
12 693520 727279
24 346638 623810
20 509198 666905
12 680935 717715
1 932413 999531
28 169520 197494
27 223846 761043
26 240385 820625
31 70399 607333
29 163853 800845
27 200385 679234
10 747577 839187
34 2955 577608
29 167280 256322
32 124 584017
32 20870 31453
26 268664 585820
