64 71197 230835
53 460518 960650
16 318809 778550
15 771268 788750
13 400125 973409
17 182915 319659
18 41082 370493
13 331572 782911
18 136125 881744
13 360611 993683
18 133491 487348
18 24373 191243
7 857551 858622
10 768517 839031
13 430961 722640
13 402554 780470
14 724024 810363
17 150132 171417
12 475087 885284
18 85856 312566
16 210753 876102
20 1450 14594
13 477705 931644
20 85038 401716
17 113047 448787
12 414163 915678
13 551780 864847
17 93515 98274
11 436352 804105
20 71384 117124
19 39387 131331
5 823095 934783
10 656238 686906
18 80960 420964
16 304539 606045
17 99513 200096
21 9112 327735
18 50392 298200
11 419289 575244
18 99420 721078
6 656285 972681
11 515140 619360
18 46581 363951
8 691218 825102
17 116400 119126
16 173993 303152
10 518559 590216
11 427567 771322
11 451294 621859
74 60636 161536
17 114211 340883
9 630158 865695
18 88627 105953
19 1381 20186
16 112342 430373
17 254021 793157
17 155802 396257
18 58692 929540
17 145628 950069
5 736843 873553
18 234756 877677
17 268236 533069
17 148056 200292
18 56514 455889
9 566521 593760
19 81874 184533
6 751278 930351
16 258193 741129
20 93405 166896
15 238545 443465
16 214895 231219
11 432812 737125
15 258327 937857
17 95481 181919
11 476805 932695
15 239573 655271
7 679223 700387
13 329389 532297
14 267593 850361
16 134825 891393
18 99855 281146
18 109143 355623
14 370763 982669
17 139292 241950
13 414606 898415
12 363426 468000
16 223573 326324
19 58165 313035
16 197652 295592
19 68090 359924
15 196608 665502
18 33414 39093
15 236604 346132
11 446792 572797
10 482931 988938
19 5202 5343
20 31811 51753
13 333252 787911
6 720153 783051
16 177070 359997
17 185377 286952
18 30023 242636
12 417183 705696
19 11515 43303
15 213554 828792
16 162740 481417
19 2750 214251
18 34834 367555
19 3869 432499
12 366014 973689
15 251140 913324
18 78862 169452
18 90648 629921
19 15182 51191
17 99978 155914
18 61105 82262
13 335650 797770
9 600091 819759
13 331930 530183
17 81360 167319
9 578419 774937
14 266980 495192
14 306133 363242
17 124371 313287
14 229368 368922
13 337512 604204
22 12092 403979
17 166389 667591
16 265344 298755
12 469442 503920
83 97365 136525
14 346340 435860
19 43699 55223
19 32153 197958
16 184384 192927
17 82557 115273
15 231201 273333
8 613219 941535
18 63653 274234
13 307837 576693
15 267127 847626
20 13662 100625
17 105675 219800
18 54736 68602
13 321714 323096
17 123989 547635
12 398063 481893
16 202508 501430
15 217014 378413
14 261295 407494
15 224478 312042
16 113615 329310
19 41405 108908
14 279739 293044
14 300307 856064
15 233977 508745
10 513724 660878
19 4003 85573
19 1843 23932
13 322316 417311
7 655292 822022
19 3390 4096
15 175462 420071
7 710739 910584
18 28240 31657
10 487990 983782
15 241017 940043
18 76276 118099
16 149434 234364
17 118537 775404
15 215145 815149
18 41909 60861
13 334087 561857
18 492 16058
16 198234 741509
16 121749 787812
18 86383 433201
16 127595 414863
16 193648 352349
17 97200 825991
7 651388 844557
13 361100 483688
18 12630 19842
14 301793 401356
17 113161 898808
18 37690 38887
19 434 16112
18 58518 145690
15 212484 338181
15 240722 633294
16 130752 149064
10 516656 970293
6 680631 884127
13 332641 977817
19 761 279640
17 172196 976538
18 6215 89486
13 338858 960840
18 44165 571681
18 75074 345729
12 378112 725187
13 323167 423444
18 57998 324432
19 2222 324990
18 40052 99516
17 101055 441854
19 3543 9494
12 385871 718976
65 144211 869437
3 837369 920308
18 45836 667560
19 11302 89894
7 637272 643444
16 188498 284916
18 52428 754499
5 762475 975857
18 57880 252159
7 644915 762012
18 58283 387067
17 77893 451011
17 106855 149995
3 835022 932633
18 45625 66545
19 3999 48391
16 168015 835109
9 534843 995043
13 362099 436278
11 418462 493789
12 405367 435748
18 35032 132996
18 58638 58787
16 128544 818857
15 211399 453178
12 410824 547314
3 919713 951902
19 15446 63962
17 84649 131542
14 286018 664702
18 48821 357588
18 49621 576554
11 445781 611341
7 674095 898408
18 25686 45289
10 470081 486857
16 186464 779527
14 270051 282279
10 491145 888074
17 122217 239874
18 30699 291044
19 17983 65837
18 18055 983132
16 192299 257180
10 495539 666775
18 31105 147782
15 190261 442714
10 487323 487500
8 629923 867101
18 24072 354130
12 386859 646150
1 923037 935007
6 710673 875405
11 458918 947035
16 137953 271932
11 425832 981516
7 634150 678634
15 231970 267471
8 624033 886500
18 39083 954630
15 201910 957476
19 3162 697240
13 310202 579972
17 150854 455492
16 141395 955958
18 39186 548355
14 272354 815946
14 281362 665770
18 89266 170581
18 13571 16345
18 26354 481784
14 280962 479597
19 8220 17714
13 330877 858005
18 28376 73077
13 310331 829422
18 53865 197981
13 333042 490292
18 28792 760106
18 71990 245405
15 216919 611998
16 169407 258483
18 15688 301881
17 110019 545561
19 10583 60557
6 696411 907092
14 297608 778245
13 311979 641264
16 123927 601323
5 758189 843195
14 265863 519252
12 367424 432928
19 312 945
11 439851 537889
14 250590 545391
63 97184 274788
17 53947 522819
16 184836 447043
18 7463 946036
19 30478 411736
11 388099 761602
17 133144 633096
18 29334 32864
17 67118 84107
16 192012 622648
11 411083 466141
18 13508 293128
16 195582 393901
10 496721 723273
18 32780 428845
11 426237 452623
17 84985 309481
10 483469 667381
13 288534 378874
18 98244 163879
13 308543 545518
18 24086 125299
17 107480 145743
14 263212 538198
14 231564 295034
16 161475 561668
16 196171 624641
11 410951 506083
19 25388 228783
18 14968 119761
18 46886 74874
13 342194 597598
16 116291 120917
12 390266 672982
17 131755 203352
12 359851 375651
16 134641 170168
19 20681 81201
14 227831 376543
13 332190 635486
13 307758 735924
16 154859 607265
18 40904 54026
17 117382 202336
17 137225 793010
16 125064 609952
15 185980 543201
6 721166 741701
15 224792 390612
11 394950 880267
6 705855 744577
16 166279 704582
15 200213 490029
18 28942 78403
17 127028 380753
10 476757 530652
19 49447 383252
20 3101 84961
18 35096 46779
18 111768 244704
17 64583 343518
17 178219 244884
19 10799 32143
7 671716 827248
10 485553 920091
17 78967 342141
18 64611 157175
16 161451 599578
11 432048 527547
14 266566 612608
11 424255 438586
2 863125 984717
10 497342 643463
19 78162 292266
2 915455 994455
19 18504 109950
5 730576 756453
16 166731 287050
15 219318 391634
16 186314 287109
16 130977 144819
18 15600 158552
19 12228 133807
16 137282 611087
17 136540 756839
16 188641 209483
12 404148 629651
17 125013 164141
10 561342 844373
16 193550 368060
16 155656 866959
68 1255 166122
9 516656 841870
19 4422 4442
19 18232 729915
9 553872 814667
15 204126 496178
15 198309 659949
6 742416 748186
15 168480 747700
5 771536 935805
17 83838 607162
15 187173 251351
17 123739 308749
20 13318 17087
18 33179 197441
9 552001 570933
18 53804 373678
18 32331 271032
14 319288 648842
18 56305 678800
5 767907 936470
14 266812 553254
19 9162 11850
18 37901 193552
9 519054 843881
16 137563 220592
19 16764 281388
3 858459 937777
16 120971 159021
17 123677 168712
13 382280 609117
17 163334 788120
3 847596 954416
17 87104 114892
12 450745 591374
19 68266 174075
11 467270 644648
13 318775 528463
19 341 40226
18 39285 99820
10 503329 536840
9 513171 964389
15 224656 226631
2 900557 994720
18 47244 115746
19 517 16051
15 188188 321333
16 166441 579211
20 13869 998374
18 118667 137230
18 22863 42871
13 349016 380281
19 19939 147366
17 157472 429340
8 573698 591640
17 109539 973477
17 123201 396576
12 359261 369602
18 50564 108247
15 240914 406771
17 100275 730051
14 278466 639064
18 56434 151942
9 516119 552878
18 47282 66952
13 334518 929079
8 576344 644567
17 81066 130631
12 361785 821092
16 198742 838268
19 61676 85798
5 725077 988883
13 338667 494620
11 392666 795945
18 49117 585388
18 71266 631563
18 3935 354775
20 14931 24284
15 319672 806545
5 762484 771888
10 547464 677192
19 14305 53494
17 151133 958959
15 243349 624936
13 362533 823504
20 9348 84280
20 4073 31821
12 396125 473318
18 42542 125943
14 263848 322486
18 11148 61777
15 223175 580301
14 357819 668835
10 486427 641641
18 33922 129652
18 59083 252819
15 187609 268071
18 26794 889558
16 163948 402003
13 301330 472216
18 68781 138338
8 617838 632226
17 60368 850576
59 236606 257662
17 125952 140009
9 500821 650265
19 22243 121426
16 149032 271805
7 600971 905552
16 161946 311810
16 190182 391282
15 216378 688643
18 21640 133173
9 583409 972532
17 71844 132297
8 589024 590755
12 423854 621768
16 136133 463453
18 373 146521
11 456131 806038
18 43846 254549
9 533912 631021
8 589773 878023
19 17077 786466
16 223937 326119
9 538993 706399
5 802340 922957
16 176614 222305
9 527305 835381
15 199735 232107
18 107131 267974
9 537221 938630
11 543028 767680
18 17460 17588
19 50584 600936
13 320666 526434
10 545183 549505
15 171066 650707
19 53790 438248
17 200764 379528
19 53068 539082
17 108808 567632
17 207179 874371
16 179236 443160
8 588622 931703
14 271196 928492
13 314193 603189
19 84250 130105
10 494746 531280
7 689494 696869
17 69465 84579
12 415406 488122
12 352534 429485
19 83059 610692
16 255338 906573
18 64845 780629
6 716876 951328
13 317348 532469
18 114729 890457
19 3626 62255
16 199234 864763
18 60431 142877
11 427959 737541
14 288701 797253
14 334059 900005
14 291222 474192
7 634811 763869
12 450577 834264
17 120632 252175
7 617357 905809
17 136480 390378
12 360196 365739
19 12128 150307
14 272244 789854
17 82210 309707
13 386192 696829
14 302301 565003
15 234437 565137
19 3037 48838
14 353219 894278
11 395382 894940
2 918795 950056
14 265485 827067
2 886533 973477
17 86807 996303
12 401063 858036
14 243787 660183
16 154824 288101
16 176845 360947
14 245676 257178
14 272048 711870
16 176172 276844
15 214139 247961
12 378016 693883
16 153987 220848
18 24479 318082
19 10673 89413
17 99688 141079
12 378336 402851
12 376039 637034
15 226134 510324
19 63089 147022
18 18298 182348
19 2858 109388
15 211725 376414
10 439441 589863
16 146642 185761
15 224271 731181
16 133408 464868
10 490042 791144
18 38258 43373
65 47623 786866
15 191423 731391
17 104714 660590
16 180620 471038
16 117169 544575
19 957 314855
15 218766 295685
17 87734 349504
17 110352 418284
18 45388 49367
18 17107 252781
19 3919 347020
18 21854 125416
17 82933 206281
12 413212 419829
18 33794 738888
14 232450 691242
17 113517 124540
19 13802 545565
14 220597 994124
8 615119 620107
11 458257 500044
11 475878 581627
17 150739 197099
18 105018 293029
8 604723 686023
19 20449 367969
8 564043 962345
19 67179 221309
6 692096 915278
19 33571 79591
18 65284 189351
8 581987 717566
12 430637 527856
16 173173 674495
19 32732 40963
16 144847 160271
14 390446 747710
20 24324 32034
18 97396 147206
14 231066 436048
11 426237 656979
20 1965 195206
16 181780 550944
19 65704 888440
19 5061 11084
18 7690 53305
9 558520 976512
14 253467 301746
10 514194 714518
16 146611 146953
14 309867 617052
19 10135 67097
18 69949 334785
8 605116 759159
15 239109 352085
16 177351 581518
18 59036 254590
17 171289 817867
8 592976 907805
19 25743 965967
7 628633 779635
14 240367 266720
20 43915 92277
13 335367 426293
4 780478 790803
19 17043 796695
12 428659 543786
19 43557 632460
18 42733 261511
19 17604 549752
20 918 494001
18 725 3999
12 439221 823918
18 24230 32656
19 50148 175210
19 27064 33344
8 567811 774584
18 78020 330313
9 542211 721091
11 419833 818871
7 634460 961146
14 281230 751692
7 626426 987499
4 772913 844411
18 51937 474594
17 163288 167228
10 466860 727385
5 765494 842612
19 20498 197064
19 11213 873588
15 222931 892880
16 176728 489121
10 501853 642060
18 141392 707957
6 719757 777607
16 137500 408861
11 460746 610089
13 318099 585082
18 5907 9059
19 19147 188388
17 104533 158289
18 58867 393576
18 29815 105674
9 530253 639932
17 101371 344239
17 100200 339866
12 357223 911710
12 385175 737573
56 376802 941650
15 246074 982568
14 242574 630013
16 193632 213825
7 609351 872975
16 183719 399415
6 686460 876885
4 832445 998713
9 535755 549408
14 243622 869242
13 318563 579470
14 288842 525952
14 263699 271416
19 22818 414243
18 23528 27611
17 96248 512945
13 314603 334344
14 272058 276964
13 341892 408178
11 446283 483997
18 28806 495133
9 494876 672278
19 27313 286891
15 201645 875995
14 273884 419710
17 42696 101719
6 707071 993586
18 70343 673591
17 61618 276758
19 12653 29602
13 304738 794272
17 122188 339936
5 733919 795088
18 46948 743302
16 119403 525881
12 399008 705652
11 438232 637194
18 40756 464178
14 280106 402665
18 18540 55381
6 742982 996975
17 133801 357339
18 4037 740630
20 595 27124
17 151654 368396
13 368326 524888
17 99031 169690
16 184399 245448
9 539154 763332
20 15327 264549
13 322033 901486
19 28764 32941
17 62893 82528
5 787467 873618
16 178789 316776
17 105516 897534
16 134353 181300
17 85673 93945
16 140591 299837
10 477866 560658
13 321474 955764
13 329248 478227
12 348866 742163
10 494236 521335
18 27075 232958
18 54541 167696
8 601849 850089
3 843919 950771
17 111753 277180
8 538013 826008
9 549064 732891
13 339497 816257
18 51839 86443
3 838110 904592
14 244196 460864
5 737957 979999
12 386475 901144
12 373482 486791
16 148430 332677
16 137183 167396
6 719023 751792
15 171028 177436
5 749633 989450
10 508968 795146
13 295366 314540
7 675968 680794
7 622177 725261
18 27448 300432
19 18478 333784
10 462411 916902
19 3439 3845
8 547804 982972
10 490186 731129
13 326509 437483
5 732934 804598
19 4251 13210
2 882313 988344
17 132772 838961
17 63913 644101
16 137697 217588
13 341004 752513
16 143540 686633
18 70782 91189
15 172736 943621
5 740519 841783
16 166664 217660
13 325166 493383
16 153906 306878
7 618034 637276
14 252938 639144
14 293640 451453
15 191475 548628
18 19240 94487
14 293246 809056
18 1047 7564
16 157861 336584
2 882823 889624
17 135835 141143
17 95483 323465
61 179206 511182
15 229765 768618
16 152531 304074
16 113951 528810
12 412864 962242
13 286566 750316
3 853802 959773
14 278420 904529
7 636666 663216
13 283552 692183
16 199203 445877
14 248212 859555
12 364238 889937
17 90995 359423
18 70941 998131
15 172965 204208
15 210898 500830
16 143797 865098
2 896521 960864
17 76496 165199
16 193656 225308
5 703145 746163
17 121064 282678
19 9814 476508
14 240748 463672
16 116293 599334
15 232468 352234
17 75186 183351
12 421039 559925
14 242579 641206
16 112068 636794
17 119203 447641
17 79045 797521
17 99850 665416
6 681779 735023
19 7075 705411
15 178982 245774
18 33501 40823
17 128952 567046
17 59470 939690
19 5962 258721
15 181850 293320
16 147709 245978
18 46328 82448
12 354563 841985
11 463331 516882
18 8961 106786
18 49341 77912
15 200045 279193
12 414692 460335
17 42567 265379
17 131421 748135
11 415757 555337
12 357955 944940
10 482856 684847
4 818120 939119
8 606040 621983
11 381825 485806
18 81768 212872
16 139670 796260
11 431067 515174
17 93698 273702
10 492643 992659
7 623991 713805
18 4061 31014
14 267352 594007
16 182519 752456
18 33506 92746
14 241264 592052
17 71018 435658
17 137967 347950
15 189559 698259
16 153800 821180
15 218525 435251
18 54128 885985
13 330231 500905
18 86510 712985
1 952691 995173
18 51587 296792
16 145620 187926
22 17789 24696
22 66132 171071
17 202502 396772
18 177255 300724
11 442678 554459
21 58181 288682
18 81762 268953
13 367965 845352
15 228111 583842
13 336283 569549
18 43130 351336
9 539059 609582
18 72546 595935
6 695555 998410
17 127895 941662
14 257946 586986
20 3767 406323
15 191263 459537
18 97091 235950
10 477394 741745
4 783742 956194
14 344266 912882
17 91464 469052
10 560142 674388
16 194137 828778
11 447969 590677
14 313898 636299
19 14430 429080
19 28422 567685
20 1758 444891
19 41873 262233
19 6983 27128
15 224790 649808
17 131781 732360
18 28068 63905
6 691575 753705
14 297799 396736
60 387406 488287
18 136800 390635
16 256573 384701
15 283387 305081
21 41984 517326
14 233386 353242
8 589665 801655
17 118163 121346
18 83 12430
18 62462 89253
16 143583 935572
19 916 3522
3 824352 861625
14 247586 433505
15 251178 259013
18 3216 4222
14 296468 835012
13 313063 986476
17 262882 297793
13 396422 625861
21 46178 181136
16 248477 440128
20 69944 103056
19 5335 314546
17 125613 797375
13 306233 422101
19 894 10492
12 367203 632093
11 441022 808799
11 388894 400404
10 469575 494818
18 42703 722235
11 456759 585597
6 693520 727279
12 346638 623810
9 509198 666905
7 680935 717715
2 932413 999531
17 169520 197494
17 223846 761043
17 240385 820625
20 70399 607333
16 163853 800845
15 200385 679234
5 747577 839187
18 2955 577608
16 167280 256322
19 124 584017
18 20870 31453
14 268664 585820
