14 33625 41621
10 10663 16788
4 12231 13684
6 7387 10514
27 6413 70180
9 42248 55658
29 28191 95274
15 18228 39836
15 1284 1574
11 12948 30036
14 21560 41094
22 9381 43575
25 31220 71540
17 9234 40207
16 52068 76794
4 13130 15138
43 1772 88209
19 39361 62176
9 46492 52291
12 30987 49830
12 47507 63974
15 5135 29972
34 32424 95503
16 948 25224
12 4191 24578
27 36693 82412
8 6337 15781
3 6148 6221
19 12308 23748
13 8638 28378
31 7204 65442
13 26094 46895
3 8714 9397
42 10652 95278
12 67128 82486
11 18208 36088
10 52675 70050
31 5106 64107
3 12593 12847
6 16893 25281
27 20318 68132
7 2234 12382
35 27808 93241
10 24273 39193
20 59839 93853
4 9641 12195
19 73623 85229
25 24264 71224
20 948 39944
11 5063 22804
14 24568 47689
4 1613 4556
17 3996 33215
16 21104 47709
8 43706 53548
24 39901 85723
18 41944 72789
4 621 3171
9 14354 28397
7 84049 93153
27 19931 72049
19 14403 47218
34 12822 77742
6 4496 13442
53 8298 69937
31 18173 76899
23 19424 60541
29 5733 61379
41 4837 87405
36 3440 75470
4 65600 67036
13 6110 29406
4 4747 7587
37 6409 77881
28 25312 81811
26 13666 62387
23 2551 44076
32 31158 78748
24 28477 73399
39 18100 95447
4 7233 9171
7 72289 80680
12 5938 27144
30 37060 94895
28 17098 70506
9 38744 51911
27 14348 66073
20 26139 63546
6 69115 74239
8 5721 17760
14 16076 40164
33 11689 73768
23 41218 70048
5 15011 19761
20 15830 52506
13 50946 71747
25 5958 53918
37 33593 90791
13 21140 42870
8 37578 49640
5 16447 20688
11 19527 36944
6 15685 23206
10 58705 72427
5 70761 74651
8 31406 44022
6 10318 17759
26 34237 83953
3 81 592
7 8058 17606
24 26391 71611
31 30233 91342
36 42403 93311
5 35556 41259
6 405 6987
20 27206 64378
28 22117 76097
5 4893 10389
23 25385 67827
6 591 7126
3 4344 4536
3 237 417
12 25081 45553
4 73968 75895
5 73257 77730
13 513 23740
25 3874 54031
5 34727 38083
8 50028 59096
14 45789 69507
26 6040 54956
8 19547 31851
7 71130 79227
10 35776 51654
23 21281 64663
18 16822 35100
7 74282 82082
16 41630 71067
23 2702 46349
4 33206 35326
18 30014 62851
10 21526 36872
8 2359 14941
28 15206 58365
27 44509 99618
4 85741 87321
5 63812 68567
8 20065 32781
22 2226 40993
9 20720 33255
13 3253 23603
5 15529 17560
19 12914 41262
43 3743 78559
54 2324 71891
3 489 930
5 77315 82816
4 71675 74740
10 7820 22353
5 10786 16056
4 129 2320
3 10 556
13 1824 24233
5 8020 12092
40 11096 88995
9 41913 55106
12 15336 34600
8 20730 31305
13 41636 65299
4 4481 7061
6 2928 10760
21 15305 53507
9 72126 85117
3 3444 3942
12 28942 46554
5 13172 19407
9 43005 55824
25 3530 48182
58 14904 93501
7 10005 19141
6 75057 80609
26 14905 67033
5 42594 49293
5 23200 28606
18 13021 46256
7 10535 21055
21 1839 40127
26 19396 71044
9 76800 90686
10 5938 24006
9 21263 35193
17 12013 41777
5 2527 9306
4 45322 49106
8 7784 17602
13 43741 64550
2 204 265
18 3837 37187
9 29437 44050
16 8536 36427
14 74376 97687
14 622 9110
18 11516 45866
23 3262 45925
11 1903 19891
10 20358 37795
7 2914 12673
21 15203 52877
3 30473 32928
14 31473 55404
5 12361 18832
36 1419 71790
29 35320 90812
11 11794 29171
22 5194 47753
37 8649 83440
16 16940 44656
3 12081 13012
7 23128 32614
42 13848 83419
8 34918 46924
7 56183 63254
4 3015 5206
34 5845 74568
18 2282 34577
9 17058 31364
26 9526 60357
12 34716 55600
4 44728 45929
9 1017 14819
2 1556 2249
3 2076 2254
11 69129 87291
6 70044 76812
22 8244 48303
28 46079 98171
12 21917 42741
74 3472 95606
14 14002 38942
15 10517 36921
33 28456 93035
32 14785 74808
6 79960 88970
17 29088 59309
13 23047 44387
28 15819 70074
15 35831 61921
4 610 3069
15 41848 69993
6 77 6857
3 20 1312
14 6206 30501
4 3734 5414
31 8290 69924
7 4669 14981
32 18174 63959
10 52155 67940
18 50428 84712
3 5234 5771
4 15641 18991
37 22137 96599
6 41182 47504
4 59767 61789
28 12021 68658
34 13642 80535
7 11246 20981
16 31475 58670
4 9410 11915
14 63747 89275
20 29482 66368
25 11229 57470
9 44865 59670
30 3547 59585
4 7783 9634
39 34334 94170
3 40893 42872
26 8696 58648
13 64452 85805
22 30847 73494
3 4418 5410
8 49081 59935
17 2464 34316
4 46232 47148
16 19558 50444
8 58195 67591
4 19373 23571
37 19967 92467
3 5720 8321
6 15764 22355
6 6594 14144
8 10253 21952
19 4315 40725
37 8844 81732
10 29768 47178
38 14408 75924
6 2420 10566
36 20069 90991
11 419 18888
22 36797 79032
10 14694 29333
6 23195 32538
12 31814 51050
11 21041 40883
4 4875 5782
5 816 7503
3 73920 74857
13 48728 69899
4 17062 19754
24 34964 80334
40 1049 81444
38 22832 98360
7 8175 16018
6 51446 59063
7 3357 4936
6 15028 21772
10 20047 35792
11 26337 44084
14 4634 29280
22 4111 47305
24 28302 74421
3 7161 8338
5 817 4709
5 30012 34483
10 18288 35582
10 47409 61425
16 12416 41188
15 9620 37270
45 7125 97070
10 24923 40291
18 27214 61168
33 23300 87195
16 6822 33841
24 8579 41796
4 7120 8782
28 30886 87044
8 8905 19252
44 8167 96232
10 22798 37549
23 24657 67375
15 22508 48249
3 21 659
6 46175 51717
17 4478 37837
13 8933 29480
11 69521 87670
29 40093 96237
23 11658 54345
19 5234 41604
3 133 416
63 626 96877
7 19528 29552
18 54263 88136
5 38494 43661
5 4955 10268
5 619 4366
4 10889 15295
5 16786 20596
8 21225 34709
27 926 51807
3 73403 75601
26 12472 59942
7 50091 59633
8 6088 17011
5 37074 42452
7 13420 22749
23 16438 58833
44 1043 85181
14 8851 32267
9 3580 17579
11 62079 79614
4 2532 5514
14 9772 33489
19 27610 51774
11 5078 22536
8 10623 21542
8 83326 93196
32 22956 86851
26 21067 68936
16 44896 75120
7 13100 21082
36 14012 86577
5 80985 86168
3 6801 8329
3 5881 6562
38 9320 80316
5 8028 13386
8 58921 69325
9 9654 22764
5 149 3592
3 13939 16035
9 20689 30144
5 8725 14335
19 24389 59194
7 6145 15987
9 8384 20095
4 25625 28324
19 11231 34000
35 16140 84487
25 8807 58289
18 41559 75457
22 11307 50565
7 49514 59969
3 3318 4268
26 47668 99795
5 6129 10256
9 29314 43200
8 20804 31682
8 4086 16214
7 3133 14252
4 7428 9663
4 1979 5047
4 79253 81132
21 2309 40415
13 25478 48954
9 46026 57491
39 10819 92022
7 73908 82139
3 81660 82000
21 29926 58946
2 37400 37419
17 1489 30189
6 68468 76684
7 15731 24331
5 8694 13307
3 2662 5028
23 49613 92448
33 25323 88446
22 28165 70811
29 17767 74699
3 7417 8071
36 10831 81818
19 39265 74678
23 37787 82321
8 3024 14481
26 30208 78881
16 14318 44436
32 3461 40996
41 14674 95873
22 16591 57509
39 1057 79952
10 36132 51961
6 6886 14108
3 40972 42146
20 60620 96176
13 36147 59520
6 20885 26825
7 22775 32948
3 231 889
8 72398 83849
15 35050 61397
31 7738 68051
7 30580 41504
45 3708 93006
37 26886 69250
15 39771 66558
39 21010 99389
10 5695 22089
5 43732 48407
33 14056 78971
11 28946 45939
10 27956 43338
11 131 16649
23 35056 78638
16 68645 98457
3 15133 15507
6 5276 11685
5 24195 30926
10 26716 42042
12 7313 27640
3 45058 45467
27 35451 87530
4 3328 4721
34 7321 75319
17 46756 77186
6 98340 98565
4 87134 90654
24 12453 57176
17 4126 35499
10 53871 69906
29 35465 89653
9 21835 36601
6 82671 88558
22 14243 55134
7 132 8740
7 10181 20950
7 71762 80067
26 11446 58530
29 40737 95083
24 52838 99627
8 26110 37981
18 50541 83543
3 2316 3402
34 10895 77948
25 67509 94743
30 32850 90291
29 43017 97087
8 3428 16147
7 50541 59178
9 62151 74617
9 37388 50927
5 89428 94653
15 39106 65811
12 2586 21656
8 17118 28380
11 59910 77505
11 2027 18493
5 3285 8773
4 2807 5398
22 26505 66315
9 10898 25428
6 2151 7630
3 10622 12661
44 14411 99093
17 4505 36697
9 29982 42682
3 1853 2679
9 26158 39428
7 5379 8886
8 20653 31991
15 15870 40446
3 95 343
7 1974 9486
10 72685 90717
9 11346 24968
31 3033 62334
3 1212 2587
24 53571 98899
5 24819 28256
12 61850 83861
18 808 32396
24 49230 95780
3 85186 85433
25 17907 64706
20 41642 77973
5 4910 10843
7 7983 15170
33 30705 96033
6 12990 19909
16 14209 44785
14 24977 37815
24 32862 78773
21 54475 93068
26 23208 75106
16 7300 34639
11 30295 45932
32 11728 61680
11 44945 63052
7 3130 12809
22 24846 65868
14 6047 29958
14 6223 31641
16 31721 60549
5 64160 68657
7 43273 50434
13 635 23724
3 36253 38669
3 23806 23962
12 41376 61403
25 27152 71469
3 7482 7712
32 33296 72753
5 33772 38684
5 19992 25612
16 21587 49201
14 3981 28179
8 1493 13610
4 315 1315
32 17416 71562
4 2670 5271
7 2473 8740
39 8393 87174
8 29103 40340
26 26124 76186
6 12838 19677
9 4365 17139
3 83704 86118
3 830 1048
12 16250 34983
3 19886 21599
5 17103 20830
11 4176 22496
5 8094 14035
3 756 2612
27 32973 78491
18 55593 86995
4 20833 24188
30 10628 39369
6 12430 19525
7 84727 92748
44 13114 99592
10 17116 34366
4 1811 2824
25 28399 78341
5 62824 67900
12 10758 31708
30 8290 65195
8 67740 78718
8 83852 95603
14 21815 47260
3 7370 7659
12 66029 85243
13 18645 42762
13 24593 46747
4 44862 49037
7 14662 21803
5 14336 19768
6 49982 58186
8 11836 23397
11 71609 88379
2 1594 1690
3 84666 84865
17 24024 53467
3 98357 99774
6 5894 6145
9 24 15693
20 35490 71283
28 28730 82732
23 40030 82894
5 12694 18598
13 70615 92151
18 11346 46388
22 3261 44467
8 43115 54807
27 8397 61429
31 37796 95638
9 247 14173
12 48845 70007
22 9731 51292
6 1927 9699
9 45746 59107
4 1165 2486
10 4860 20966
8 29950 41112
9 32102 45922
7 3256 13730
33 29863 88498
7 30932 38829
8 5145 17099
18 53165 86139
11 33807 51887
6 30340 38346
14 42776 66009
3 6089 6521
3 30407 32044
35 30080 96139
6 28826 36018
12 6280 27867
16 2310 30294
47 4415 90925
7 41924 51578
4 28177 28198
14 9361 32816
17 68254 96095
16 6142 36364
13 45542 67900
3 512 1597
5 10322 14997
6 3068 9801
6 978 2762
4 31886 33607
4 5999 7456
15 37927 64241
16 27735 54944
3 12 106
13 24695 45023
4 21310 25449
4 19694 21762
12 52862 73514
11 59084 75292
15 39804 66189
18 13026 43116
3 16671 18159
16 48147 75720
7 24113 32575
8 32200 42493
23 36687 72730
12 27729 44242
15 15432 38183
14 4287 24233
18 6518 38961
7 10078 18942
15 65438 88512
6 31012 38309
22 12023 50226
10 1010 15225
50 2208 98558
4 365 448
9 19499 34021
7 82948 91771
12 38931 58587
5 6136 13291
7 24713 33653
21 57665 95188
4 1419 5562
5 6258 11930
16 12516 40671
3 23462 23511
35 18681 85735
12 44716 65014
15 34108 61400
4 2304 4202
4 62171 65492
12 50798 72034
37 6898 80716
27 21908 73536
5 15382 18906
28 2842 34597
25 4264 52822
43 9568 92994
13 60852 84205
7 53263 61841
3 20938 21661
26 6067 56632
6 843 6505
5 43270 46936
12 26673 45266
18 38210 72448
23 26937 68078
12 43954 65920
25 26317 73610
6 57354 63982
6 21174 27426
21 36387 76511
8 19094 29115
21 34285 73629
23 3285 46582
7 42589 51308
6 15462 16863
3 535 692
28 34658 87764
44 10079 94246
43 12662 95979
5 34807 40982
10 518 16108
21 5055 44603
9 66255 80224
24 46892 93531
13 11155 33905
46 7221 98717
3 3424 4533
23 47538 91506
45 4626 91213
11 52057 64180
6 46526 53484
6 2086 8895
22 53927 96076
4 47757 50016
4 1498 3366
3 60888 61716
12 1975 23301
16 11951 40821
13 10312 29809
18 7919 41135
12 27146 47570
3 586 640
5 43107 49915
14 3756 27758
34 5677 71562
5 60745 64392
25 4525 44776
19 28950 58715
3 122 179
22 24786 66001
6 14642 22729
8 4038 16685
7 9479 18255
12 64105 86073
12 4036 21859
13 71759 87488
8 45726 58244
9 22904 35385
5 93271 97968
7 23313 33933
36 20616 91330
21 25116 66338
6 40255 46304
26 3176 53279
4 95117 99306
6 6545 13376
15 25919 52900
5 55253 59717
23 29163 72455
30 22762 81482
22 24415 65627
5 20223 23224
11 9468 28035
25 25976 75897
9 455 14709
18 66846 99536
6 80300 87953
11 54538 64863
4 2371 6609
28 10401 64251
3 11114 11274
10 16462 32204
24 33924 80195
15 1269 27489
17 38011 67173
14 4394 30176
3 18077 18587
23 48292 90236
22 36614 75424
7 51170 60270
8 86893 97735
5 45404 49865
33 3142 67143
4 313 3042
5 18057 21357
10 83784 99498
36 14638 85578
40 14749 95356
39 6873 79389
18 33406 67406
14 1548 23527
6 52693 58115
13 11779 25155
6 39166 42112
12 23157 35045
26 11459 53403
21 13922 52311
14 4028 25627
20 49296 84204
11 42085 56259
4 33500 35405
15 10565 37750
4 2009 6055
19 10380 42081
20 9719 45109
10 50917 66302
7 77034 86189
7 8749 15835
6 67052 73560
21 57497 94480
12 68918 87819
7 702 8718
18 16913 42726
4 6914 9559
3 15967 16622
3 62749 63237
6 5712 9843
33 6367 67734
10 34088 50839
5 16417 21086
25 38786 84176
17 1590 30452
25 20105 65148
20 31417 65641
11 26008 43333
12 18384 37507
7 38356 46447
3 62666 65075
4 350 1231
3 96300 97004
7 7648 17811
18 64832 96093
5 1747 5392
30 30399 89267
6 13454 19565
32 30309 91969
19 28003 49594
7 8695 16725
10 62022 77170
4 734 2695
20 48321 81513
10 24024 38724
6 790 9186
23 23046 59630
4 19867 22473
42 4315 85341
5 36221 41258
6 2073 9186
13 1738 21498
5 43 4771
6 20568 26928
9 53467 66474
7 65983 73666
3 59 212
20 12187 41246
4 5613 6838
31 29156 80043
14 26112 49266
14 24518 46566
4 30710 32661
7 6614 14837
4 17102 18113
23 27506 67871
5 27467 29988
35 50812 98364
6 6237 14391
11 3444 21514
4 1344 2599
18 38084 71801
35 5328 72658
12 3071 23727
21 20210 58421
7 43918 52258
47 2832 95390
10 77626 92559
4 4197 6485
10 39140 55575
5 11494 16795
4 2513 4497
8 48993 60764
5 3665 9278
4 9532 11539
6 16629 24657
10 65956 81930
8 24116 34137
7 2664 12078
24 15933 62940
17 12079 41251
6 31067 37135
4 2138 6650
7 1004 3003
8 54140 66442
4 5297 8299
15 11941 36645
30 4064 62524
4 364 2899
3 4580 4673
14 2556 27948
3 7847 8041
6 47515 52900
18 24784 58270
23 12860 57852
19 12160 45060
5 16470 21319
36 14763 85449
22 36460 77442
17 29317 59776
46 731 73822
9 4409 16876
7 33916 42840
17 22854 48682
40 187 51321
7 25636 34882
4 880 3752
4 9866 11371
8 51815 61778
4 13923 16847
12 27902 46535
16 5410 32584
3 89 188
13 43063 62377
17 39215 68399
29 6028 60599
42 21117 99179
8 75799 87309
10 763 15815
11 7988 25683
4 94346 96222
21 61291 99000
17 64823 94173
16 29874 57794
5 61285 64962
4 713 2116
37 14827 83881
24 50325 95292
8 3082 3172
3 1182 1264
9 18119 30898
6 725 8466
4 8134 10747
5 26054 30651
5 46133 51265
9 62550 74792
10 64088 79491
30 41592 98055
7 13723 24392
6 34282 40125
4 960 3393
26 29421 79724
25 20836 67331
25 26948 73315
7 44370 52426
16 39630 68712
18 36264 66278
26 46195 96942
37 14574 88363
24 34858 78520
18 65247 99616
29 4739 53885
35 30222 99432
35 32521 98923
6 10033 16873
5 89242 94589
12 38838 58258
7 20411 29726
15 12911 39599
7 3352 11949
21 51289 90195
23 53365 96210
4 15009 18453
14 12297 36099
26 5136 53977
34 13541 80161
7 31402 41132
15 6963 31802
11 4178 24096
3 12665 12795
