9 13516 30107
10 53266 69489
8 67771 79903
12 8259 66371
7 56997 79014
10 11350 13958
14 26768 94631
13 35737 56149
13 24679 66479
6 89595 90461
11 35214 66607
15 13216 44428
16 3790 18881
17 3043 8651
11 38382 66839
16 5347 31840
8 63476 71068
16 24234 52870
16 5308 6637
17 715 36308
15 20034 79787
17 1479 14270
14 21857 40232
12 26525 88347
13 23514 33031
14 24881 97359
15 18549 62326
16 4595 56961
16 16209 68974
7 54629 74082
16 6648 38082
16 11013 26421
7 59201 73288
11 37264 56072
13 18624 76671
15 11270 13524
15 8337 89485
17 9520 27306
17 1724 11696
17 7 756
16 5940 19861
16 5863 35078
16 382 69485
12 49788 60141
15 13521 17250
10 38223 38682
13 26787 35829
7 61115 94362
14 13162 16367
9 74398 85608
9 55514 95939
17 5815 32921
3 99155 99751
16 15750 21516
13 40532 47573
15 21020 28628
18 3584 8959
18 3719 38069
14 34985 56869
18 6959 22932
14 26155 37901
17 8294 16414
17 11172 44453
17 5746 16736
12 36984 94718
17 12673 20972
18 5712 51930
16 16539 85432
12 49054 96521
15 33750 82015
15 30328 54450
18 2576 46633
18 3964 26676
6 87776 98923
18 4689 20206
24 1547 16093
7 69464 70522
19 823 4691
12 34926 41359
16 17771 66472
19 1912 82947
18 4101 4377
17 9906 88756
16 11316 45140
17 10303 12541
17 11609 13149
18 684 2945
19 5981 47332
8 56559 57987
17 10792 11488
18 2471 5792
18 10241 19862
6 85601 96355
18 2009 3581
12 37096 88120
12 46658 61424
12 40146 48705
18 720 48449
8 62442 80276
6 76584 89197
14 26863 36084
13 43066 54809
18 2099 2215
12 40799 82660
18 5406 97427
9 52556 62090
17 16641 49434
14 24179 31446
14 23697 47046
13 37304 94328
18 5201 25175
12 35159 69601
6 81456 88761
14 24382 37561
17 9631 30688
9 52885 63104
4 85065 95066
17 11213 18968
7 61668 77279
19 2903 5603
14 31687 35372
14 28067 47059
18 2346 8904
18 8579 17304
17 11228 83085
16 10192 78499
6 80349 86601
15 28150 72864
18 3949 35710
18 5957 95867
10 47023 68059
13 31749 46560
14 27558 87131
15 21206 42636
18 6974 45346
11 46585 69752
16 23035 27107
18 1388 12725
16 18176 29745
12 39500 60119
11 39909 76486
19 306 2049
11 40799 69683
19 1584 3300
13 29524 49360
19 2904 15599
11 45359 49969
19 370 532
18 3048 39009
18 6147 17390
19 5958 94934
11 42213 44438
18 7877 30641
19 1959 21712
21 19416 50699
15 18467 40315
11 40200 58026
20 1647 4158
11 45790 47706
12 35576 97050
14 32274 32663
18 3194 26438
19 2068 3066
15 22040 55893
9 49088 73331
19 3634 99448
14 25824 43530
9 55442 82598
14 25617 63169
15 23176 31481
9 58677 62979
17 9251 27631
18 6068 37974
15 20801 50990
19 9081 19515
16 15445 72075
19 7654 57929
22 2416 9786
19 5788 13246
18 5404 6425
17 10719 43237
19 1868 21950
16 11439 18525
10 52146 63248
18 6099 26277
16 14078 19642
16 21771 68172
11 45193 91877
16 11105 22135
11 44342 45454
17 13720 61313
11 42161 61875
16 18603 48328
11 42890 64353
5 79645 95873
17 11118 15107
19 1715 20552
4 79942 98023
6 72410 96192
15 21048 48169
19 1774 19057
19 1339 6149
7 67284 89992
16 18630 39110
10 48564 70634
14 23681 50153
11 45941 94738
17 7005 19257
7 69371 72336
13 36390 42260
16 11041 26870
14 30506 73551
18 2576 36381
14 28956 59445
12 34956 89562
8 62280 82454
4 84479 86571
18 7857 27394
18 5148 20529
17 11165 56741
16 20580 98128
13 29967 37574
16 17058 98158
14 29668 65827
19 239 1052
19 89 595
14 29154 92346
17 7130 10581
19 2088 70151
2 88232 88567
10 54619 68718
18 3423 9274
13 35554 84496
15 21314 27675
18 3454 4964
22 21744 78950
14 32251 60400
16 18215 43226
17 8349 29122
8 64723 96144
15 24714 37477
19 3309 8116
18 2573 55480
18 12349 28333
18 213 6443
15 25687 98738
13 30095 35120
13 31671 43864
16 22357 89363
10 48320 51329
15 26709 30057
10 51948 86647
20 372 2877
14 22746 25515
19 4627 64414
13 26604 53222
12 39835 57430
20 757 59635
17 9834 36802
17 14154 92632
18 2926 4402
13 30289 43843
12 37249 74450
15 21268 25880
12 41033 86457
18 7655 88098
16 14884 97208
7 68389 76502
11 40289 51878
11 45343 49066
18 9226 51273
17 12286 27944
20 408 19766
19 1275 27698
15 19409 70742
4 79712 86759
6 69343 86181
20 2237 81469
10 48083 76397
12 38118 71950
13 32345 46959
14 22636 49905
17 12292 78785
18 3297 31120
17 12365 75583
12 38023 74778
18 12401 27429
18 1609 60582
17 14159 21632
15 24559 88551
18 6943 31950
18 8868 32382
20 1959 2094
18 6503 49831
12 40171 89317
19 1235 80984
9 57233 67377
18 2588 18888
16 19482 48790
18 4777 27556
16 13806 23581
17 12842 63084
15 22220 85714
15 28829 50848
17 8593 12780
9 54768 95664
4 82999 96871
5 73697 81471
19 4074 19913
17 6225 18793
17 13948 57205
11 46038 70421
11 40821 64817
26 620 3697
19 1314 12159
20 784 866
16 18015 82245
8 57632 68576
13 32322 38235
12 36170 54675
18 5731 16386
11 42248 76290
15 25241 85362
19 1928 19038
18 3933 6272
18 1506 8553
14 33009 60791
18 5918 29368
6 68946 83317
16 19386 31183
18 2909 13525
18 7074 27960
12 37343 42106
18 4936 9304
16 14078 50721
17 11870 25407
19 5350 78200
15 20327 21701
14 23339 47798
20 1251 95852
17 9062 16827
14 28280 43906
16 18971 30714
12 39293 82179
8 56676 61140
17 12026 30977
18 1444 3627
15 27856 30631
18 4317 11767
13 31550 50598
19 4331 14971
20 3118 10965
18 4982 70969
9 57826 64595
18 1058 1479
10 52213 64207
13 30059 63145
16 23044 60796
9 57017 85316
10 55845 66279
18 19900 24501
22 6166 6701
13 35955 51781
12 41175 68156
17 24551 54075
17 12160 14800
15 19076 42695
17 12619 15926
19 19 19394
19 232 1410
18 5041 84262
19 931 2685
12 38617 44729
14 26034 92088
12 43131 50745
19 2811 23079
16 12455 37132
18 12361 53952
7 59110 69897
6 69383 90048
15 24466 32978
14 28413 85021
8 59371 87216
19 255 4207
16 13768 18894
18 6264 35210
6 70108 70390
9 54640 92725
18 4695 6521
17 14087 61990
11 40025 69827
24 2135 23625
19 2202 81399
5 76487 85416
5 75576 77423
8 59700 68136
15 23820 28732
19 10447 29685
12 36842 71197
16 19144 61525
16 12358 85156
19 125 9584
18 5322 34287
15 27846 66177
17 10052 56419
14 26667 69933
13 34450 44475
16 16802 53459
12 34575 64525
7 67046 92511
19 7646 8583
19 907 4170
14 23863 27940
18 5817 51838
12 39920 47343
19 602 44590
19 942 17972
19 2446 68244
19 67 12410
18 7870 63662
13 32917 54394
15 21916 47252
19 3082 25884
16 13560 80969
17 14544 97341
17 12030 24397
18 3276 34922
17 10889 55270
5 77665 92193
16 18402 23378
19 671 80510
19 94 13217
7 65846 70242
14 30124 49274
16 15621 77213
9 51644 58795
20 4419 20621
8 56695 98191
20 46 22893
19 1791 15701
3 98054 98151
8 56659 93275
9 54639 66010
17 9246 11756
19 3318 11777
13 31843 54309
17 8100 47411
19 3889 15769
18 5284 46658
11 40066 71690
20 5137 19413
18 2526 3473
15 21929 45951
13 30767 39326
15 19912 24730
19 5983 9165
16 12353 12773
17 11980 12429
7 65803 98855
14 25534 51826
19 6088 17493
17 12686 57147
21 2443 57730
17 11813 31909
15 22749 92163
15 24686 46394
19 783 16737
11 41764 49252
8 58597 85549
21 23732 43809
5 73089 85574
16 19316 22455
19 4582 10908
19 4246 40047
17 14866 17185
18 9151 43496
19 129 3168
16 16275 61725
4 82138 97958
15 21517 58438
12 37376 40828
17 11514 12843
12 36416 62220
11 45388 89807
8 59199 90716
19 945 7180
17 12398 23501
19 10535 49277
17 11908 29446
13 35542 76291
18 1824 3590
18 7606 64378
17 16341 90899
19 8402 53431
10 48290 91516
19 2700 88297
15 20075 23783
8 62129 76960
16 13302 43121
17 15683 28249
5 74830 93148
8 56896 94845
19 863 37592
12 39249 57008
14 25070 84503
11 45353 55905
13 32711 91285
17 11871 12361
19 58 1867
17 15003 59178
18 4583 7212
13 33919 71180
13 30806 42676
10 51768 69639
12 39280 69130
16 21021 42351
8 58020 58118
14 30244 80392
6 67826 72839
16 15390 83168
18 3850 22609
9 57199 78681
14 25465 69720
7 61200 75113
14 30486 75008
6 71417 90210
17 10826 27625
17 11579 23671
18 3620 12436
13 34039 39880
19 209 2437
13 31961 33666
6 68229 69599
18 13048 55316
18 4216 13450
19 260 14071
12 39073 45755
14 25849 71346
14 25850 83693
16 18186 70000
19 3690 6629
16 15449 58252
19 1733 27317
19 117 15860
9 52826 90052
15 27004 30008
7 62392 75612
9 52257 59188
14 27278 74071
16 16139 60319
11 46568 75178
10 51098 75228
7 64065 83372
19 29459 51437
20 3497 17055
20 1383 53068
16 14813 22504
13 29856 38256
14 33457 85342
16 17369 76752
19 330 943
12 36479 75273
13 31823 47205
5 73984 87875
18 5679 92119
17 13927 47054
12 37860 90202
18 7438 37339
16 17499 35516
15 25723 48207
14 30816 49425
19 2062 3558
18 7661 50420
15 21171 94234
10 50822 76848
3 84931 86400
16 15073 17930
15 25255 85528
15 19031 60530
18 14133 24349
15 22962 52863
19 5910 12652
17 8739 70529
11 39302 95513
14 27592 32230
17 14827 25530
18 3059 28244
11 45809 72378
8 56054 76446
19 2769 2937
13 34458 55332
18 3914 7315
10 49571 58305
18 2354 15435
6 71156 73564
14 29849 31846
15 21264 21790
4 78453 98103
19 4447 79318
18 5915 23087
18 5588 12898
18 8705 20846
14 25853 67717
12 40040 85605
19 4241 60657
13 32640 73996
8 57056 93491
18 5576 82113
19 4074 20789
19 2820 73091
10 50055 58639
15 20753 37718
14 29574 41172
19 4324 20899
15 23200 26836
18 7091 14048
18 569 24230
14 29781 42462
19 2275 4084
13 29111 32432
15 20931 46833
1 98601 98664
14 26863 78878
13 36435 75575
10 47924 53286
5 77513 81338
16 19135 73241
19 5068 68914
16 15835 43402
14 28271 56156
19 201 7734
19 43 47
18 7342 40898
17 39730 62392
8 57349 62409
19 9404 13276
15 18171 36729
19 5346 15521
17 11405 19364
12 35393 82923
12 38460 50295
16 18977 56983
19 9567 34003
18 6126 39276
19 5422 17884
18 5738 11018
6 67872 78324
19 2267 50903
14 28789 40674
16 15941 41949
10 45594 84828
19 2920 72327
18 4909 48082
19 3330 63758
4 80744 82924
3 93682 97885
12 37970 78647
19 2955 24680
18 3676 33531
16 15417 51448
21 2345 35484
20 14888 19260
15 21123 21290
17 12462 75311
17 15333 43189
17 8297 73363
17 13116 44700
7 64142 74898
19 3568 73049
16 15078 73961
14 25628 26749
16 15449 16249
12 39110 55858
8 58650 61631
14 26307 34807
19 6308 96703
16 18804 85550
13 33460 67698
14 27692 83785
17 12131 48678
15 23036 26361
19 3905 79767
16 21780 52932
19 13293 58954
18 19698 48652
16 19631 61825
19 262 1636
19 2562 9432
20 2341 15816
19 15731 17929
5 75268 82811
21 5467 18165
16 14773 47336
16 20259 53048
11 44233 49085
6 71802 87275
16 15158 62795
19 81 472
10 48254 65606
6 69696 77554
14 31418 89137
17 13366 23488
18 3270 20115
14 28378 59170
8 55490 70736
16 21199 47232
16 13496 29579
19 1500 2667
19 1744 2272
19 1004 6439
18 9695 81626
14 28868 59772
23 11780 18478
19 9121 14107
19 1438 6924
6 68973 69384
16 21868 35465
18 1537 64561
13 33051 89605
15 23655 41734
17 7093 37299
18 7097 43810
16 12949 81605
16 18267 71878
15 24041 36988
17 8643 17654
14 38231 49233
10 47319 93849
11 45300 61198
9 53230 77808
19 559 1032
11 38286 45786
19 21 110
18 10133 15406
13 32881 40030
10 48204 52751
14 26640 33431
11 42625 79690
18 8159 14570
6 69588 94492
18 2415 35967
14 31855 37265
18 7523 16085
9 49075 61175
12 39185 51767
19 2130 40119
16 12424 16706
7 63665 95653
20 455 719
8 60754 90331
14 22623 80616
18 5551 22552
16 16322 29032
18 7872 12299
13 32218 41154
7 63735 94996
4 76811 95674
18 9421 57997
17 9740 15526
11 45127 52343
19 4513 19331
15 19990 98209
19 1838 82397
18 1117 1704
7 59708 68582
19 2634 17692
14 25229 97251
13 33398 61887
10 48656 62216
19 7576 48564
8 57999 82040
19 5260 83525
14 23474 43693
10 45845 99611
18 8659 44843
18 6146 9679
17 14001 29739
13 32572 39074
15 17328 29507
20 10 208
18 1377 4984
17 15022 39518
17 12970 32920
13 28516 57170
15 24852 29991
18 4775 23161
16 13759 97778
16 19181 95195
15 19657 33228
14 26672 78134
15 20294 65508
14 30370 80744
16 54710 78993
10 49530 86510
17 9158 18916
18 13730 16262
14 24653 68711
13 29892 41049
16 19935 24072
10 45835 47317
13 31429 34214
11 43119 99811
9 58948 95570
15 29085 42735
18 3762 78474
8 57972 58116
17 11783 28046
2 95132 98977
6 70996 87526
17 15960 75722
17 12446 98225
17 10325 68118
11 49049 85836
14 27474 90796
13 28364 55920
16 19644 29633
19 482 7099
16 20617 25261
16 16079 17409
15 19986 32496
18 14652 44871
15 22030 78986
16 11803 20197
8 62434 95273
19 413 1539
19 3522 43961
18 4456 70522
19 1290 36810
15 31005 80407
19 2423 5381
8 58196 91711
17 13951 57538
7 59579 81752
19 5289 6295
18 8189 10913
19 1410 9123
18 10113 16065
9 50069 95180
13 37595 57739
15 24533 57194
10 48113 95160
17 11392 59025
19 1258 24581
18 3019 9969
19 814 47899
10 49687 83918
19 1714 2894
18 8010 41720
12 39386 42274
19 1720 11169
14 27277 58372
14 26701 43115
18 8304 64541
6 74043 85244
15 16875 29342
19 3108 93496
5 74905 87461
10 50410 58679
19 1998 2225
4 83342 85799
17 12394 59831
18 9340 23532
17 12476 57879
10 49161 63621
12 35598 44492
18 8124 32596
16 15485 78243
19 2243 77785
17 9258 14336
11 45296 59328
18 5523 94326
14 30984 51424
15 21140 78110
19 4199 33060
22 13067 45142
13 35329 56386
8 59007 59901
12 39453 63423
11 42260 55362
17 12546 92353
6 68987 75273
16 21519 54650
14 26388 48982
18 4534 8861
12 50620 58632
13 31368 35667
18 3123 3714
16 18483 54682
13 28515 41535
19 611 2624
19 1944 60832
14 29760 46020
19 2167 37402
17 15071 20326
7 58710 67456
20 2192 3699
19 6706 8096
12 39245 52961
14 29077 36072
17 7979 87622
8 61165 87477
18 7636 15451
18 4496 84433
19 4958 68556
19 3713 3863
17 11723 54455
18 12569 27033
20 11738 28860
15 25082 81908
15 24886 88372
14 33490 42756
17 13465 28154
19 2934 7437
17 11984 52708
16 13942 36276
17 14632 23291
16 16187 36993
16 15310 57420
7 66140 82677
12 36425 95966
12 39237 55214
4 76308 89486
20 1899 35751
18 1753 11870
18 7684 15241
14 29353 68868
15 19305 67989
14 31647 49835
17 8331 98680
19 2932 4542
11 40765 45562
15 21933 47465
18 7395 12827
17 12433 14985
14 23738 24307
15 24955 26274
19 3070 3791
12 37886 71720
16 14194 70666
11 42823 71463
3 93678 99578
10 46235 79850
17 9865 99837
3 92259 95895
16 15796 17584
12 39588 79774
19 9247 67406
18 6412 13674
15 21675 24857
10 48354 88440
18 6599 24161
19 7354 79170
14 24990 44822
15 23604 29352
5 76042 93398
12 64902 96416
20 279 12610
15 21342 51901
17 11094 11707
17 17743 30699
12 37593 89405
18 2406 11788
14 27567 47244
16 22227 64104
16 18070 57625
17 8174 24341
19 425 4627
17 16345 16683
17 6740 17415
20 2657 4004
19 1131 9246
14 24674 53742
19 1515 19317
18 5276 42277
18 8039 38932
15 20746 45631
17 18321 23446
17 12477 18175
17 10695 80690
19 1528 75083
17 10696 80290
20 832 45332
19 9406 35043
14 27285 50259
13 30500 50651
18 3892 39146
19 5318 11058
8 57785 65965
19 2780 15922
11 42179 50660
14 24865 59436
18 6247 10015
17 11691 27003
17 8649 17869
20 3837 53027
11 42944 46593
18 2165 38415
12 37277 42516
8 59608 62329
19 385 609
