15 13983 97781
11 3908 25518
38 23406 98271
16 64975 87313
13 5586 55865
18 14568 70852
14 39204 65124
33 10222 75369
15 50642 71610
25 5047 70841
6 86996 91766
22 45382 65412
34 9240 94455
8 6323 19705
5 2813 5852
7 49728 57720
6 2773 13021
12 8921 22540
15 12004 41987
23 11620 59064
3 9633 11799
28 14434 78251
32 31322 88370
19 40008 76248
25 12738 68166
12 68689 80787
4 5337 5356
13 57424 80692
3 675 1784
21 52623 95790
16 54228 81746
9 3624 15708
4 18001 20356
12 764 20223
4 2949 6137
13 37222 54926
5 3856 9777
4 2613 6434
13 60 23951
20 28820 68678
17 3127 34016
15 18965 46656
10 4318 20153
4 13413 14970
15 44422 66842
11 22214 38753
2 195 258
40 9200 94153
11 60822 77838
11 5142 22376
