9 11783 68412
7 3361 9510
6 14353 73027
5 11474 30685
7 1303 3604
14 52419 56478
6 9814 59942
6 27401 38893
5 29673 31421
5 23368 42107
5 27078 80047
6 81 440
5 36197 62122
5 41008 51281
6 14749 32094
4 57319 78444
8 11770 55875
8 4586 13694
6 24635 54140
8 7445 13152
7 20097 33344
8 13129 66421
5 38443 80724
4 55108 71106
8 17588 70895
7 17402 39931
9 695 773
12 387 88594
7 3324 5641
8 4025 5303
6 13028 16284
3 56095 75037
6 20875 41967
8 3056 54483
6 78437 92421
5 36911 76648
7 17337 87985
3 54290 93800
4 37817 82032
7 8458 56928
6 21634 28663
5 46960 57855
4 44751 53490
3 48947 57369
4 37611 86062
7 14921 72727
7 15452 17085
3 40556 97010
6 29233 84566
7 9759 14358
