17 8166 37961
8 832 29722
7 19021 27834
9 9783 22892
14 23654 45931
12 7133 32202
20 9527 86298
15 7478 40190
29 13218 53952
8 5869 16834
17 24124 76984
8 16834 29672
17 40909 84047
7 3051 9792
13 66834 78732
6 28174 38156
24 6110 61671
17 47228 78878
4 13418 18657
24 29536 60815
17 23940 60339
19 15125 50790
22 28823 75628
4 11077 13654
10 40117 54242
5 14531 18231
3 50645 50907
5 26855 30432
6 7383 15873
6 22307 27662
37 2704 90863
5 771 1559
8 6661 19475
3 10108 10647
9 23466 37381
22 33773 82671
21 5546 49385
21 15271 56301
13 65402 87134
7 55214 61734
10 15530 31459
4 48543 50256
5 5515 8869
39 36010 95516
23 14407 57203
15 23294 52111
11 17715 35571
32 21817 81474
9 49284 61777
17 8542 38699
49 31600 93707
3 41 1198
21 18753 58674
10 67481 83518
7 56272 66508
51 22864 89815
3 7279 7864
15 42087 66650
11 17358 34223
23 22097 70601
43 20090 90221
13 4266 26022
5 2068 7931
4 4376 8949
11 45668 63761
9 66981 81341
8 8814 19859
10 42546 57083
17 19609 50572
19 25360 65207
5 67867 74098
14 38985 64864
3 16086 16767
8 11977 20396
17 47797 77538
8 79504 92065
13 27644 48398
8 9627 19769
3 32374 32930
25 62262 91357
4 78073 78517
23 48967 91533
4 4116 5090
13 48181 72581
23 22220 69451
15 9634 31614
17 50442 82602
4 69167 71371
7 83358 91690
33 11796 82268
12 74659 92083
10 439 13995
24 46044 97743
18 63580 95440
41 35835 98000
6 4824 10137
9 36745 47818
23 25046 67570
48 11347 81863
6 2021 6737
