16 47066 52789
4 52129 53145
20 13893 95305
6 2611 9865
20 36578 96422
11 9521 11418
18 22810 95143
9 45419 57399
8 32033 40607
5 17655 22213
16 4284 38803
16 30783 66755
21 24215 48082
18 25279 59828
29 8011 93459
23 24572 80873
15 68777 87972
12 39783 62813
32 5235 73454
301 4708 98007
12 79635 95373
26 9754 61139
18 3632 38550
4 308 3056
48 24586 97527
34 4723 71480
6 83614 85481
49 7598 77012
14 24844 50268
33 21681 95007
22 40922 92735
7 31346 33967
38 14520 91403
9 37061 47905
27 5759 61456
3 66883 66899
15 26923 45768
35 23339 93740
8 11870 23797
10 67878 83255
9 58650 70635
23 6150 32271
18 29977 64226
7 2685 9583
31 13460 79819
20 36796 71484
13 20678 38763
29 23837 87626
20 42872 83380
40 43280 97324
