9 73169 92139
8 9011 26218
9 32815 54881
6 1052 7492
7 18762 73695
6 63770 70811
7 13395 19884
2 70342 80029
5 33822 74416
6 10763 81448
8 2729 14857
10 9419 92043
6 54697 92310
6 10644 21715
2 67843 69445
5 49578 72917
6 33462 43359
6 23521 39146
8 2778 3058
7 41102 41316
8 1019 22424
6 30929 41702
8 9848 59192
8 10512 82604
8 195 43878
7 27021 45056
4 54308 87837
4 41053 66551
8 4594 10747
6 24966 50570
3 59668 67737
7 17558 24784
13 8722 9599
5 32904 38242
3 55264 63283
8 2719 4602
2 72162 96354
8 1692 2054
6 22710 71140
6 30595 37653
2 68485 97393
3 61993 63332
9 15337 30721
5 27392 40427
8 4663 23619
5 31573 40232
3 84510 89591
8 12115 41070
5 51828 73083
6 19006 25358
