14 6909 22458
7 20496 48934
3 5314 27727
15 81895 83524
3 8447 23154
12 38866 49039
2 2879 5017
1 1009 1342
9 29483 30357
6 14821 43385
13 45498 69283
5 13222 40213
8 27793 69042
1 1455 8256
3 11106 33792
8 32277 45530
19 63480 76491
2 6946 28122
11 46409 51620
11 47093 91568
6 23879 84659
9 41362 88008
12 50939 91318
6 23687 48263
10 49776 70439
8 40982 58523
15 58671 75080
9 37476 66251
4 16197 64725
6 29377 36241
8 33364 62437
4 21492 52543
9 46096 62576
13 56994 88320
5 19452 43070
7 33188 51632
3 16314 32603
19 73819 81177
3 10815 58467
5 23355 29691
6 26508 94354
5 25136 66681
6 28536 66812
8 39386 48021
2 5729 7408
0 1068 7082
1 3560 9807
14 61669 84403
4 21084 54116
7 33858 67286
12 62484 66755
10 45066 79961
3 12587 97314
4 16867 25951
8 40316 41941
3 14504 33455
11 51457 89938
14 65352 68285
5 22663 28489
9 35372 60463
5 23186 31875
2 12184 20425
2 7283 12630
2 8110 66414
7 32017 45831
1 2313 45333
0 453 3464
7 31357 31528
4 14232 50478
1 4112 4144
6 30229 80099
1 2496 60157
13 62220 91915
0 1364 3048
2 6939 8590
4 22299 24267
1 2462 96962
4 19818 88859
1 6836 96704
3 14980 64437
1 2473 31621
1 1791 33828
0 188 966
1 5710 45284
1 4487 10570
10 50096 51973
19 85342 88776
0 584 21387
17 77278 88610
10 51113 56530
6 29280 36838
7 36334 85173
1 2309 74796
5 25175 51499
9 45230 90368
2 11532 29774
2 4944 24374
11 57520 99444
1 4174 7743
7 35683 41767
1 4047 7923
6 26405 57832
9 41942 82499
5 28603 64291
3 14633 46905
11 44911 48007
10 47606 59131
5 29338 88519
3 8403 19561
5 21799 73603
15 77593 81344
3 16855 56941
3 11367 19084
1 4871 17906
1 4275 83116
7 36760 87105
4 18629 67083
4 19086 89183
12 59157 84622
3 12907 80188
2 8697 13128
2 6364 11186
5 28111 89290
26 88145 91333
1 7349 11829
0 1069 90100
4 17840 18317
6 26746 60769
4 21243 54284
1 6551 9581
14 65597 69749
12 60140 65728
6 28301 64142
9 48059 88203
8 40010 53342
10 51080 54908
1 2075 6568
3 14677 15233
1 2356 96800
8 40411 87700
4 17739 51681
5 24438 24910
1 4107 4650
0 2416 38124
6 28795 80910
3 12998 14828
7 35144 37422
10 49899 63122
10 57032 75761
3 14149 81184
1 1142 6894
1 7282 87810
3 9900 32569
1 5603 9416
2 12198 24278
1 2027 22901
6 31471 32501
5 25030 74655
2 10229 98310
1 2071 7977
17 87011 93622
2 7693 94828
1 5388 14794
2 12747 82908
5 25151 28786
4 22754 25947
3 13411 79978
9 43043 52524
12 54404 75344
6 26063 72173
2 12021 71658
6 28711 31082
9 49861 84063
4 17284 37441
11 52602 73203
3 12595 89972
0 2864 41288
10 45935 49018
10 49250 92439
0 1475 68839
12 54745 56913
2 11713 13995
7 37254 89624
1 4810 26367
7 36812 69386
4 15281 45284
2 11181 35738
0 1785 10459
8 38788 55306
6 26949 31633
6 29163 66209
7 40668 58694
10 50531 74295
0 411 1658
9 46215 72889
12 60160 71369
2 9427 91356
19 90185 90189
10 50110 75928
1 2570 87100
0 2868 19850
0 1023 21232
10 47637 60078
4 19807 57914
0 4666 97134
10 49986 59703
7 35368 52242
9 49938 90320
1 3892 40300
0 432 4995
3 11406 38053
1 3544 3774
2 12851 14919
5 21072 52776
1 4824 8583
3 15866 32260
1 8506 57894
12 55867 90054
14 66467 86367
1 7834 36006
1 897 5405
1 6259 51835
2 10879 12792
5 22783 33745
8 41355 47538
7 34089 52555
3 10081 32900
2 11037 22338
8 39612 70544
0 3240 19713
0 181 63159
1 504 1679
1 5991 19387
9 46023 52097
17 71297 95655
0 1402 4490
2 10772 12706
3 13135 49461
0 1188 19573
7 34965 66300
15 68661 76568
5 24316 78283
17 88515 92148
11 58725 67836
1 6257 61566
1 2361 11195
0 966 1696
2 10047 22588
6 29531 38054
10 53057 67294
6 30307 56171
10 48507 68894
3 16311 50572
10 49049 73700
10 51358 70682
3 13798 17594
2 8982 44213
7 35088 70938
8 38131 72963
4 21288 64473
0 950 32052
1 1783 24106
1 8616 30640
1 4661 27175
2 5895 13244
0 1944 11342
5 24375 61013
2 11659 14087
2 10051 21961
4 20743 43956
1 1537 11124
14 70714 77953
2 11204 21054
9 42547 64086
0 1209 89673
14 77511 85226
3 14771 90055
9 43168 56074
0 150 70865
4 18175 28572
4 21218 51146
1 5175 24751
1 5280 72416
1 2550 13919
7 32720 51957
12 60960 91668
6 32599 87804
10 50612 95467
3 14223 16497
3 15407 66974
4 22014 51837
2 7948 25903
5 25980 70004
3 11868 62421
1 5601 10172
1 8571 33451
7 35114 49879
17 83748 86824
7 36290 55899
1 3833 82211
1 3240 5091
6 30589 62755
2 11332 12055
10 50921 62764
0 929 7138
3 14274 60749
2 8593 12116
6 32642 78982
12 54574 91873
5 28542 88340
8 38882 44706
7 38060 54029
4 17341 70749
2 12996 13249
6 30191 31232
13 63442 69080
1 7841 91120
17 80557 81797
8 40345 92484
0 1241 61644
16 50413 91720
2 9419 9937
0 2615 27741
8 41362 52041
9 45115 46593
8 39339 62251
0 4374 41393
6 25848 31061
1 8179 45788
1 4151 4231
2 10005 77421
11 54233 83237
6 27180 91342
0 4396 10041
9 46375 59994
1 1586 7700
2 9416 86733
14 68167 90506
1 6353 8633
0 876 1331
5 23734 47500
3 13132 20726
8 38349 68788
1 5502 45998
13 68822 81713
17 82389 85508
2 6985 95499
0 2727 5737
2 7245 9208
6 30195 93423
8 42674 83606
11 58360 88648
4 17903 46133
13 66097 76834
15 77334 81772
12 63776 63829
5 24197 77279
1 720 9967
0 4091 5296
13 62802 85125
0 3301 71885
20 94436 94780
2 7774 9965
4 17926 83584
0 527 26100
5 24428 50518
12 63621 83583
6 31497 36054
2 9292 83182
12 59569 86244
12 60279 93462
3 15882 60803
1 4612 16338
6 35277 36887
1 32 443
0 4141 36508
5 26143 38086
1 153 1996
4 22951 33149
1 5299 30167
6 29278 91673
6 29928 86365
7 34611 68766
3 14439 72730
12 64883 95929
1 3680 72198
3 15626 48328
3 15905 48609
3 13895 87139
8 39493 63340
4 19553 77653
12 60087 85010
0 93 796
2 10349 34082
4 21460 47742
1 4095 15794
1 3834 3982
13 68590 74505
8 41199 58281
3 12718 16682
12 64468 94800
4 16779 49439
4 19455 24734
0 418 51253
15 74658 79980
10 52201 60200
2 11253 25947
4 19559 29901
8 41063 79279
3 15085 28406
2 9661 72734
10 48701 70172
6 26524 34406
13 69848 95629
18 85802 96743
16 78100 86357
1 3206 49193
3 16496 19032
4 17470 57676
11 58927 81171
3 11270 48625
13 67438 68728
6 30087 48496
4 18774 80025
1 6293 30426
2 10548 47028
3 10828 57766
8 41541 44265
3 20002 57746
2 5813 70051
0 480 7713
0 3134 8529
13 61868 95209
12 63533 68990
4 19680 23706
12 63445 90545
3 15629 43722
0 818 1299
5 25135 38636
0 325 7419
17 84485 86658
11 55694 63334
1 4837 19908
6 28192 99445
9 45691 91255
0 920 10931
5 26887 27731
13 59465 60891
1 7737 28989
2 9963 26037
9 45451 67715
4 17479 36449
13 67144 90476
1 5650 16011
5 23976 69090
4 19589 22152
11 58160 68449
1 7850 9464
4 18841 44712
8 39993 76530
5 20322 59322
0 701 86694
15 73180 91540
4 22396 32669
8 40369 84328
2 10821 36840
1 7641 16383
13 67218 81648
2 5209 83609
16 88013 89675
9 48167 93278
4 15792 67078
0 1066 90798
11 56199 62712
2 8145 24569
11 56788 76739
1 2222 82471
15 78201 93960
6 28342 54220
10 48169 60903
1 8395 67627
4 21399 36246
1 2381 64224
4 19098 88747
14 75264 77794
1 1527 39073
0 2775 34217
2 9667 28694
2 7592 13563
0 1618 5641
8 39036 61333
13 65975 96917
8 40963 61270
1 4464 55021
11 25325 54258
10 46223 54029
6 31859 36139
2 8690 34743
4 18867 25805
7 36857 55113
6 35013 54411
2 7783 17431
4 18417 26498
2 13741 85940
2 6510 11374
8 40993 61019
2 8209 70398
0 678 12547
15 78620 94798
3 14133 15594
12 61516 82810
8 41287 60389
1 8190 13055
7 31498 62180
12 62339 65681
4 23190 61628
10 48491 88885
15 79235 82323
2 9738 25362
15 73928 82688
0 2600 92528
9 42491 51708
0 320 10514
2 12884 15018
4 15980 19643
12 63604 72249
10 49044 60495
14 75372 85501
2 7494 12486
14 70508 81951
4 19708 20123
7 36440 36616
1 6250 9724
3 15803 69539
14 67950 68843
10 50394 97187
1 5918 22097
3 10770 38036
1 8331 84315
8 42584 76202
4 19156 42472
8 40625 94981
1 3582 38399
4 17120 33792
1 2914 44936
0 3347 40935
5 25185 45333
10 50272 59205
0 760 47892
12 60702 63980
15 70408 91658
14 73043 78852
5 23653 88876
7 34742 41591
4 18536 33857
2 10050 62157
3 16791 23866
10 52246 84585
1 3883 32235
2 8014 68328
4 24485 48034
9 43424 79667
2 9810 83061
4 21878 47129
7 33615 72750
1 7275 15042
1 4896 22887
7 32359 89581
0 640 7309
1 5543 61880
14 71172 73456
9 45827 99751
0 1121 24995
4 19567 20050
11 55471 62686
1 4369 5270
1 5267 13125
2 9824 52639
16 83074 88576
1 2542 4457
2 9981 23467
0 2097 5398
0 986 25154
2 6732 25330
5 29606 32504
3 11120 12797
6 28954 50940
0 3172 77053
10 48030 51665
1 5871 40749
0 432 821
12 60764 77547
3 16480 16633
10 49752 95925
0 2554 14557
0 365 43512
9 44068 57730
6 31468 54010
1 3407 7366
11 58587 72956
1 4430 10218
1 4391 18564
12 58584 97439
0 1099 17127
2 12122 20212
6 28216 28914
0 208 81171
14 71083 82031
7 36705 57528
4 20352 22975
13 67632 82959
8 38725 92341
5 27154 29330
0 1322 36674
7 33496 78940
9 44472 52444
8 44782 70690
1 2304 3868
16 82218 85087
8 42679 44608
6 30642 36146
1 956 1272
8 42717 65992
13 67054 75435
13 66212 84199
5 23432 83095
5 27058 33290
5 24159 45630
3 15655 29145
0 2944 76666
5 23434 98087
12 60425 89263
3 13892 26683
3 17431 22965
4 19013 42529
2 10906 46190
18 90231 99763
8 36761 57324
0 2255 84963
3 15833 25430
10 49858 58157
3 14132 78835
0 2207 33243
11 53363 80673
7 39299 70378
4 18876 63162
2 9647 30842
14 73776 82371
1 2063 20511
0 2339 13735
10 52104 60306
4 17501 59737
7 33092 98892
4 22503 49703
6 29090 72183
11 56940 69511
9 47583 91785
1 2147 5081
7 36395 50374
1 4145 19261
11 52676 80838
16 77203 88530
3 17614 24636
7 34921 56237
18 91383 95764
6 26228 85574
12 22388 51589
13 65361 85591
5 25524 79842
8 40957 93131
12 63888 88858
3 16090 98335
1 6328 7554
1 2619 3404
6 30247 52739
1 6212 16292
12 60053 95814
8 37816 49256
0 308 2883
13 67177 75095
7 39135 82162
1 5697 6615
7 33657 84754
16 80127 93107
2 7861 49118
7 34687 54478
9 49158 58638
16 82918 98046
8 43080 81516
4 19498 81768
4 20981 98840
5 21767 76267
3 15950 17034
0 2228 75989
2 7963 48469
1 5956 10506
0 1614 46075
2 6555 65781
3 16094 40568
1 5737 8395
1 5280 78971
4 20124 81418
0 1920 6694
4 20347 27311
1 2543 23650
7 35777 54614
14 73125 77038
3 15494 27263
11 53125 97809
0 425 1607
1 4511 8269
10 51596 55756
3 17240 28571
19 91771 98301
1 4807 5359
0 1644 12657
2 9203 53957
2 7772 27558
15 79484 93395
9 48837 66251
5 22925 32220
3 16524 89278
1 4646 65007
3 13437 20309
19 92810 94271
8 41674 89130
2 10484 17303
1 2453 8948
6 33124 49134
4 18744 96308
6 30867 75884
1 3771 31985
0 3381 16196
13 64962 95664
1 4598 41500
0 1225 7675
11 55801 64508
2 9404 57430
5 27521 97664
2 9913 52849
2 12036 12067
4 16911 25954
1 3229 18297
0 2901 2923
12 62017 96893
1 2014 8504
2 10623 18221
9 47979 96764
2 8558 15789
2 13408 28609
3 11224 11825
2 14143 53604
1 4114 7182
9 46015 56980
6 28298 75646
3 18300 43227
11 53039 54984
11 60676 80365
14 67548 95775
1 9046 19238
1 330 13155
8 44096 89056
8 40437 58838
3 14249 59134
0 2014 21416
5 24245 26179
1 4424 13414
5 27773 54096
9 42722 83497
6 30472 69740
2 11247 92498
10 49189 67776
10 51149 53687
6 26124 68034
2 10121 36282
1 4234 13135
2 12974 15320
1 2952 35564
11 56327 70679
2 12553 18583
16 81354 89973
8 38234 86457
6 28562 46823
0 2995 7720
12 57103 83324
2 8186 10053
7 36775 71674
8 42386 64300
1 4559 6624
2 10934 34698
2 9935 67274
5 27756 58397
8 36327 63351
0 1157 1856
1 6017 40200
3 15519 15840
8 41105 96395
12 61015 78207
1 1998 2392
2 15555 27480
1 1267 11964
9 48959 52814
7 30534 47862
0 949 28900
11 60173 80538
6 25489 71744
2 9566 42644
12 61782 77599
4 21913 31763
3 10194 20366
2 10309 55021
11 57500 81025
13 67996 78872
9 49582 66077
2 6885 50649
3 11520 19619
2 13315 20792
1 2182 3697
2 12822 53000
8 40348 68942
2 8832 28296
3 18521 30177
1 1752 1786
7 35547 82004
1 3250 13898
0 1699 12241
0 2352 52057
1 1607 9091
8 43504 57161
1 4762 23179
3 10364 18438
2 11822 22758
6 27640 61841
1 8106 33403
4 19034 31253
1 2033 3271
12 66539 91919
4 20958 28955
12 59299 95777
6 29465 58312
15 80711 98346
9 46071 78745
2 10256 32358
9 45767 74158
2 6502 32886
0 752 1613
5 24471 67432
3 15747 39410
5 28197 34435
8 37874 43867
1 4077 84285
6 32981 85154
13 62455 92199
8 39236 41215
1 8358 35895
1 307 8714
17 89288 90552
0 816 901
2 7952 85202
2 8980 22388
6 30506 42445
11 28538 54494
2 11523 22497
6 29640 58578
5 26908 35276
1 863 83116
1 8562 40376
1 4659 36620
1 1897 13763
1 8554 64627
7 33146 50198
4 21132 32676
5 23942 62910
7 33761 43570
2 11182 84023
5 27113 67870
5 24417 91907
3 16556 36426
2 10720 12697
4 17028 29739
4 23356 36452
7 32990 43314
1 7238 12848
1 1615 95274
8 42952 86961
3 15993 41354
15 75906 77840
11 57112 92762
4 16370 44933
0 3559 3635
8 38922 42814
8 34777 56811
3 19789 29144
4 18286 55469
7 38105 98007
2 7902 43275
0 759 5409
0 1311 92096
9 42429 48933
1 7434 13496
7 29963 54979
6 25817 34067
12 64015 99724
4 20519 22189
0 607 926
10 52605 98482
5 26409 88017
10 47511 85963
3 18190 23561
2 7802 8684
2 9449 77936
2 7830 8417
6 29929 39944
1 5173 20490
1 5289 21855
3 16576 34254
4 20311 37746
8 42541 59151
1 2057 4209
14 71778 95925
3 11699 19452
5 24295 47361
0 445 6263
2 11911 33000
11 56811 77951
2 7024 43553
10 50177 65348
0 1499 76134
9 46191 63193
0 1742 6080
2 8054 8212
2 10028 19295
8 41594 65711
1 5155 50352
4 19246 22569
8 43467 64014
4 15891 33950
0 2148 8404
1 3040 12711
13 67085 77002
1 8228 22335
6 26539 28593
8 41597 72947
9 46545 59555
11 55646 69491
10 53962 77409
10 49145 64934
13 67532 74456
3 13808 56532
4 20048 38625
11 58818 79019
2 10079 12590
3 16125 39774
3 15550 18771
1 3177 15735
0 858 5266
2 11367 80886
3 11229 65213
7 39740 85456
12 59755 60803
5 26695 45614
11 54680 62879
4 19186 19828
3 14814 22218
3 14566 25754
2 12012 29027
9 47931 97577
2 10219 28084
3 15028 24356
8 39145 95587
11 55855 61226
1 6890 35839
1 4714 85010
1 4684 42165
7 37830 88088
8 36825 44128
0 1080 1894
2 8762 56248
1 4040 7788
6 34004 56010
3 13378 14791
4 22747 32335
4 19845 56885
15 72898 89142
3 15503 16943
5 24810 99010
5 23510 88607
1 6828 11012
14 69210 79980
11 59388 97839
1 3866 6341
13 64019 94975
4 20884 29949
9 48766 66636
1 2691 10361
11 56574 77623
2 10296 29749
0 3266 9076
2 6467 7004
0 3269 15616
