11 90022 95122
15 68031 89899
16 25057 46227
15 33780 47042
24 38831 75141
8 70840 78256
25 39404 84647
10 7134 14307
7 6855 10352
14 9290 33005
8 89554 98781
24 12472 56515
32 28340 90022
12 68882 89018
34 28547 98737
14 32507 55988
8 39911 47484
16 18355 45953
6 9051 13645
22 4897 45877
20 2953 36726
10 54331 64604
13 50277 69110
29 8255 36074
12 43083 56902
5 10965 14550
14 62876 83170
25 45479 92776
8 50784 62477
12 23713 40629
32 18539 76200
12 22408 40365
45 8640 98658
12 61274 78395
13 5805 27867
8 74281 82364
15 11909 38456
12 17146 34515
4 1686 2541
7 46644 55580
4 10925 14143
6 20911 24027
5 18882 24484
5 25870 29530
7 11819 20520
5 1241 4188
22 28160 69183
8 82837 93588
6 90891 95840
26 24383 74935
24 6447 52557
15 20705 47389
11 75000 75164
24 2285 48891
14 39543 63668
13 12613 35637
20 56877 95071
34 7822 75879
4 12658 13839
27 41315 95777
9 33844 47427
22 18604 58290
5 30925 35574
13 66667 87676
15 18787 45390
23 8601 53015
10 5603 22094
4 5268 7107
4 1171 3254
22 39406 79427
7 12110 19400
22 6195 47726
5 77832 81174
22 24225 66440
5 10176 13701
11 70877 88842
6 41157 47308
11 2154 21725
40 41421 98012
14 64112 87954
21 45764 84328
10 58238 73860
23 23722 67629
20 18197 54966
4 12694 14207
9 35609 50442
11 39723 57462
29 37352 92071
24 6226 52651
16 20270 48915
7 4052 12169
6 1453 7494
9 58765 71367
17 37739 66962
21 3450 42439
43 4593 90563
21 10959 49746
30 39255 99835
6 4177 10789
3 5809 6399
11 4455 6958
27 27183 78868
13 4597 26172
9 39370 53532
33 11237 72342
17 45465 76725
4 13724 16063
4 22805 24507
10 64819 80987
20 2470 41488
5 11228 15408
14 21731 46458
16 33808 62828
11 70937 88867
25 8371 57100
10 55150 70694
4 47092 50223
5 11924 18851
35 12101 80001
2 89363 89521
5 31421 34941
21 2701 42169
23 4047 45633
12 74353 94661
22 42669 84627
13 839 21242
13 26795 29086
6 23226 29565
20 7090 44198
16 34687 62916
18 1792 36578
27 25055 78233
21 41594 82208
30 7750 63508
3 2065 3981
11 16596 33261
3 295 643
28 22632 78313
7 27784 37345
6 35488 40692
11 20415 37161
26 29165 82145
9 36890 49668
33 6914 70944
8 8817 20724
10 12070 28874
4 8789 10631
8 63418 74674
8 34384 46382
30 8811 66681
3 6487 8049
18 49798 59788
16 35779 63351
4 16940 20344
15 47560 73885
2 20714 20783
5 47243 51547
5 37624 42274
10 73727 88351
4 24327 26875
7 3588 12409
4 7975 12045
8 63770 74902
10 73434 88521
29 2409 59510
17 21808 52579
13 50463 74615
27 24054 77554
15 8006 34053
11 76903 96749
4 863 1768
8 40969 53526
16 23369 49797
18 54822 88706
5 28286 32062
6 62836 69281
4 3917 5627
5 8254 13770
4 255 2814
14 1159 27126
6 376 5504
49 1470 94181
3 16440 17058
22 27702 46916
22 21485 63868
23 4303 49217
4 93835 96640
5 14926 19300
18 15032 49419
31 146 59646
37 4088 79426
3 37894 38363
10 62180 78163
9 25403 40649
36 4962 77252
4 65723 66563
10 55580 71777
25 46615 94908
24 44799 86312
4 5645 8833
4 7180 10559
10 31152 46509
3 5595 5949
12 41008 60096
13 34783 55758
11 46332 65122
31 38388 98450
47 2726 63686
3 843 3015
3 77690 78405
33 33280 96368
7 26130 34074
36 3434 75554
33 11589 74911
5 59195 62777
5 21853 27570
13 29049 52286
23 40720 83399
11 5813 23942
21 34648 73793
19 9661 43716
11 19387 39802
46 3021 89443
12 23277 42345
58 364 91085
4 7965 11721
8 37205 47025
3 56598 58774
4 2269 4416
4 1474 4268
8 1806 11684
17 50095 66752
23 29631 73109
15 21753 47980
18 31799 64505
5 82997 88854
5 51979 55603
23 39896 83154
19 42064 77442
25 7802 54843
38 6172 81908
16 61975 88723
3 2360 3585
10 51351 66154
37 13845 85308
8 84981 97161
9 24258 39143
19 23862 58925
22 52385 90604
14 59044 84268
27 8756 61234
8 3259 12978
10 7246 24232
3 15602 16355
8 12672 22577
41 26491 89283
25 15720 63012
13 74799 98043
43 10637 94342
13 29999 51100
34 5965 72923
6 16063 22225
16 52386 80933
6 4156 10941
4 17923 21833
17 64367 92453
21 37107 75575
12 2935 21182
10 38266 55797
23 46317 88021
3 5970 8718
29 1360 57171
24 4521 47560
35 19433 88057
4 48520 52324
6 17548 22970
25 56901 87032
18 15123 48247
3 17072 17568
5 20944 25993
5 4145 9454
25 11551 60294
7 4218 11703
8 45301 58831
11 45599 63605
13 23239 45454
13 8460 29562
15 18367 43131
32 18220 80643
15 40000 65305
25 6403 54221
32 12849 75305
18 55700 89673
4 55176 57283
6 8680 16980
8 19555 30744
14 7256 32293
7 3634 11673
6 32622 39478
31 30710 89223
24 30608 76958
31 28335 64958
38 15695 93991
10 15956 30874
3 27717 29447
14 11399 35088
6 57177 64167
17 21815 53223
19 24845 60079
8 63956 77750
31 32619 88129
10 4242 21571
4 369 1681
7 2817 11917
4 37002 39515
24 54157 99763
6 71619 80404
27 20277 73288
3 2093 3254
4 76137 78456
12 6042 25228
33 19537 85385
6 22711 29809
39 15770 94196
4 5515 9442
24 29958 74686
19 29989 62219
33 5405 49284
16 26653 55143
10 37479 54401
8 56722 66556
17 9684 39778
10 17299 33256
12 71134 92301
8 57149 67902
17 28248 59524
29 29779 86517
23 2174 43688
3 2579 3707
17 62756 92132
9 67970 80519
15 7993 34377
9 897 15567
2 2291 2490
7 9124 17834
7 15673 24430
40 18833 99110
17 2599 34961
12 4841 24603
26 34595 84994
7 61352 70951
17 31936 64109
11 6211 22401
32 18780 56657
6 10999 17019
3 28934 29730
13 41432 64125
13 43231 67622
6 2834 9852
31 22160 80647
21 11766 51080
14 25999 49510
15 4952 33017
43 2893 84690
4 2056 3466
4 43020 45234
17 64654 96404
10 24170 39794
16 14882 42630
15 31657 58069
10 68397 83648
2 44052 44369
7 82906 92667
28 28183 81756
18 2975 38149
16 32844 60650
5 1378 7185
32 34292 96164
30 14665 56133
10 10322 25727
19 9661 44452
33 17792 83743
25 19039 68130
7 8396 18036
35 17881 83690
9 53529 64710
7 23066 31057
19 8550 36664
11 1830 14722
13 12401 30326
4 12252 13951
4 15397 17243
16 25435 48188
3 3954 4375
19 38791 66961
19 14515 42915
15 50293 73176
12 119 16806
6 1001 5348
7 86363 96237
26 3111 49480
6 17594 24698
24 42171 87156
17 11283 43292
34 2970 36394
37 13104 82742
32 19759 81353
24 4144 47197
4 37255 40156
5 27000 32700
23 31383 74396
5 92530 97507
33 9962 73289
26 46677 97330
7 49877 57719
14 23414 48620
9 41481 55030
17 10570 39851
12 57297 78496
22 2255 42240
11 50653 69345
8 50514 61358
17 33072 63101
10 82298 98567
31 14556 75557
6 29687 35898
4 32934 36290
13 68590 92245
13 916 22542
12 49834 58875
5 15356 21190
10 18972 33826
31 4031 64351
11 12469 30250
16 68787 99896
49 4736 96704
16 1020 30229
21 36658 78018
15 76084 99056
5 17957 21734
14 5078 27526
21 26274 63470
7 69620 79133
16 2294 28436
26 32791 79711
13 7318 30316
4 27219 30775
11 27926 41571
14 66713 90330
5 7623 11368
18 59995 95383
20 53032 87766
25 27076 72403
10 59742 73897
20 10227 37905
24 31162 76745
3 10484 11716
7 3141 11210
38 639 77046
12 72777 94673
10 25950 41547
5 41845 45438
4 40351 41879
3 4645 5289
18 16124 50241
6 13111 20968
21 44525 84948
4 16873 19130
34 24759 92221
3 1809 2464
17 15402 44892
25 30516 77827
5 68574 74921
27 19479 73169
17 59778 91402
15 74906 98785
18 48660 81324
25 32641 82192
8 7021 19303
7 49439 58949
13 4011 26940
11 74258 81731
3 22516 23105
13 19169 41354
35 16277 80293
33 7642 72072
15 10656 37186
16 3986 32722
29 32945 86173
11 9244 26140
4 46058 49258
34 29110 95559
35 5282 75441
8 79037 91747
7 25928 35263
36 25854 90600
11 6797 26662
6 1111 8537
13 71385 93022
19 43064 78903
13 37260 60238
12 5809 26573
11 28187 45513
20 37086 75524
16 42429 54585
18 16683 50423
7 33908 43899
17 6299 37202
10 31307 47485
37 272 72576
6 39059 44375
28 38824 88862
17 7454 37389
6 4957 12932
22 21231 63195
9 28448 40827
3 1515 3143
6 13414 18940
7 70112 77807
18 39676 73877
9 77819 90668
39 15292 93351
5 6036 12715
7 61892 70810
10 41884 56702
16 9192 39467
28 24137 77896
12 12550 32251
12 1172 22329
3 5447 6152
8 37959 48951
5 2819 8632
12 15357 34642
8 7475 10011
15 22969 50123
7 9845 19413
5 22898 27801
4 5812 7623
30 11089 67924
15 2276 27842
3 775 1470
7 7922 17066
15 8299 35406
25 16381 66318
15 7147 31804
30 34947 94219
6 3328 10882
29 23361 79518
6 499 7452
8 7628 19268
16 64472 93931
9 343 13035
15 274 28147
30 22705 78496
6 7715 14881
5 30641 34971
14 8295 33774
22 7123 43722
9 55606 70148
19 42550 77535
15 40155 52907
4 727 2321
4 23122 24709
6 24002 30453
24 42527 87014
4 3476 5840
5 25799 30691
4 15879 18091
20 6813 43602
22 577 41171
18 31947 66874
3 82851 83551
3 3060 4056
32 29469 89619
28 13092 66685
4 4436 6211
38 25364 92946
23 26785 65641
23 20389 62458
3 36725 37601
10 27684 41130
37 2193 75941
7 31498 43292
11 2023 18626
4 53798 56073
8 34105 46038
14 9510 34600
6 67988 74361
34 498 45343
45 4513 95447
13 21130 42946
15 14995 40776
3 30228 31386
33 709 64859
3 97098 98963
17 26246 57582
7 27101 34906
6 54505 61514
2 88987 89162
12 12891 30156
4 334 3519
12 3812 24367
21 1577 40406
7 11752 20939
13 32662 54356
18 6360 40732
5 11984 18974
25 5531 51124
3 288 452
10 406 17848
24 49075 91150
8 25808 38472
8 54518 63092
4 17490 20182
8 4169 15365
4 31641 36017
5 743 3353
5 18002 22350
5 14250 17453
7 23615 33342
41 23981 81148
27 14462 66116
5 14073 20317
14 64370 87929
7 3029 13753
11 3352 21154
18 18278 51917
10 82813 97750
3 1898 3115
32 7348 70544
5 9942 15357
5 66285 71109
20 10298 48706
9 8375 20219
29 33804 90000
26 31376 80982
11 4700 20846
2 22581 22621
5 49787 53235
25 1178 46641
6 6813 13307
7 59411 68187
10 1591 17286
38 16747 94128
4 6352 10606
34 36339 89772
18 1277 33854
26 54973 95360
14 45888 71313
6 2158 9471
15 41206 66895
9 2204 15387
9 16601 29306
16 57914 87775
8 79031 88940
30 29024 87222
9 12663 26070
11 31836 50575
37 234 72291
5 21560 27805
8 35971 45881
8 8214 20929
11 8708 26257
26 35498 86297
6 44677 51635
8 79852 91025
7 34230 41790
6 43376 51547
44 3724 89630
29 2750 59959
21 12923 50396
18 50024 82683
23 32469 67139
6 16548 23328
7 4359 16238
22 59207 98741
6 4278 12184
15 20795 47707
13 12709 32791
18 37437 70115
22 15682 51965
42 14618 90514
5 22158 27056
27 30403 75799
30 14533 69194
13 5256 24727
6 85079 92761
4 3053 5342
35 19674 88326
4 4926 7059
4 38134 40598
5 4068 8726
14 30935 55602
33 28677 94263
30 33864 91827
24 4303 51359
13 22875 35296
2 9439 9860
25 25209 68823
9 22608 35437
11 7100 22416
13 6735 27631
31 42385 96661
24 30103 75275
3 81949 83648
7 11000 18154
20 29579 66769
18 61781 95851
18 44344 76762
5 76655 82234
10 21429 37194
12 22312 42579
17 13470 43025
3 88 1117
5 14865 21314
4 4550 6087
33 27619 91830
8 3617 16363
19 16853 49976
7 22856 31129
16 65415 94078
17 7150 38461
8 27261 37452
12 8076 28150
5 52741 58080
15 62244 87220
11 3080 11501
23 23114 66987
16 23973 53307
15 59839 86849
23 23611 66455
7 24268 30583
9 53693 67595
16 18969 43283
7 175 6580
6 49854 55328
20 1432 35820
3 160 213
15 55301 80797
14 33661 55248
33 9167 69397
24 45159 88315
21 13447 50749
12 7666 30341
30 38648 93114
23 38191 77154
3 2291 3024
22 48167 89483
5 4157 9452
8 578 11656
7 3231 10458
7 10490 19197
18 35144 66362
23 48275 82199
25 50746 94772
28 21096 73078
16 8947 37938
9 14527 27357
18 62989 92555
3 657 1698
3 30083 30945
9 20939 33220
9 15545 27175
16 9519 35299
26 48841 96382
7 15159 23255
3 39299 40418
22 1687 38823
47 14937 99670
3 15517 16051
4 1513 4304
29 26280 77354
11 21845 37634
9 3087 15108
48 11833 99278
16 48355 73637
5 27357 33486
29 14958 68510
15 15437 26165
6 78474 86653
17 19422 48954
6 47038 54311
3 20160 20180
20 9239 45704
9 64813 79654
15 17297 42290
16 63302 92520
3 3208 4473
48 6638 96672
14 34971 57408
5 88870 94536
34 9555 69886
33 39593 97809
10 42354 55511
9 54946 68558
44 10419 91273
3 18875 20360
19 1138 32821
18 42360 74668
9 30111 42539
15 41651 66907
23 28596 68710
8 14345 25272
6 4229 12423
4 47704 50013
38 27912 84610
19 30143 65852
4 8037 9244
3 20787 21894
20 28844 64970
15 13948 38383
6 67752 74519
3 23194 24274
11 29289 44204
12 15162 36323
9 607 14775
32 33877 93967
3 16239 17054
45 6708 95857
5 80622 87639
17 7296 35756
7 13115 24143
6 23035 29454
35 14144 81053
28 42308 91668
24 3817 46563
14 33973 55526
10 33021 46507
4 3406 5792
9 30590 43448
7 91021 97604
30 37144 91434
13 33381 44107
13 37079 56632
36 23376 91300
3 20862 22605
18 48288 80121
7 1676 12209
14 73587 97069
10 27703 41126
38 19915 96141
18 2937 36930
3 29750 29817
23 45220 89644
13 11856 31159
41 16585 95587
5 13996 18650
4 74843 77078
3 8052 8872
4 6927 8229
17 831 30066
4 21583 24514
26 14995 62133
25 22204 69115
7 64146 74133
18 62984 96038
8 21540 33435
20 21609 57907
55 12876 80868
5 10128 15010
17 3087 33481
35 29479 97073
32 26635 86238
6 10290 17672
13 12365 33304
27 7047 58096
8 69032 80344
25 15086 63951
32 4709 66926
13 47120 67630
28 26643 80487
15 19677 46408
16 41566 70511
3 3282 3611
26 4121 53082
32 25935 83765
3 22510 23343
5 52764 56206
4 6657 7416
36 8944 68324
13 35764 55276
12 31669 47346
66 9386 85634
10 7103 21237
10 225 13631
3 134 822
6 2647 7609
15 9511 33925
38 18082 88691
4 1249 2335
19 16010 45182
5 6361 12789
16 32520 55400
8 55904 64699
16 54373 80051
43 11212 84695
27 11393 58120
7 16043 22683
8 59977 70894
26 35440 80556
37 3788 66754
17 6828 32684
27 45347 93214
20 39709 72966
5 56814 62370
8 43116 51943
12 22523 40030
3 43953 45346
36 1374 39387
13 78118 97578
23 36262 77552
24 31071 75276
28 39197 91767
3 20781 21535
4 17988 20126
3 77546 78124
12 4737 22140
11 17371 32883
47 2990 91403
25 12221 50104
7 61672 69625
7 869 9584
33 6703 64339
38 17954 85478
5 14539 17356
39 17229 83719
6 4084 10518
6 38747 43948
4 1416 2039
3 22733 23650
36 274 60153
13 7670 28870
33 15601 76430
10 8960 25020
8 29931 31902
17 2504 33817
20 58509 95051
13 5397 26608
15 17346 43555
4 5693 7678
10 79310 95556
8 76560 86677
4 41393 43526
11 27575 47303
18 11901 43831
25 270 47342
6 13934 20948
11 692 20055
37 12259 86469
17 57900 88275
14 21304 44113
7 12655 21353
30 14147 69596
33 15998 76347
8 4217 12239
22 13719 55901
5 44382 47690
30 16780 74200
7 8966 17149
24 1834 42244
56 7242 97333
23 53299 91705
13 70659 91901
8 29399 39773
4 914 1963
41 18018 98189
6 22704 29268
20 4460 36786
8 2536 12881
8 10818 21969
10 21984 37656
29 37226 92253
7 8323 16447
7 20488 28766
36 3890 76324
39 6242 84211
23 29171 73244
16 36872 64469
11 35670 54656
22 53118 92883
17 47687 77837
3 127 328
10 47221 64002
6 38425 45722
10 2898 17636
24 12277 43785
26 38407 85955
6 16609 24757
11 42033 58123
27 30438 82663
4 11821 14206
26 35110 79817
4 51 541
4 12209 14826
6 2072 6744
3 509 576
9 47889 59854
14 5258 28211
4 13301 16159
7 7125 16085
