9 77463 93343
9 16173 16330
7 1967 27033
7 3237 67560
6 7599 8623
6 68113 81792
9 41471 74478
6 10430 27530
7 21488 55876
6 23813 26653
7 14373 54186
6 28568 65888
11 55329 85531
10 27809 29766
9 2723 43706
9 1998 2722
8 6927 53726
8 10309 85993
8 718 1706
4 64216 85370
9 1847 5167
8 8054 9274
6 34649 34801
6 47610 83911
8 12854 41815
8 13312 72595
9 5385 92207
6 31134 52068
9 373 2145
3 70332 70697
9 8733 65937
8 7167 15065
5 42597 81422
13 14194 81005
8 19731 34442
9 7588 31282
6 35356 37864
9 1644 4036
9 16997 17028
5 43893 55975
10 2029 3647
11 5835 6028
10 18302 37625
9 3170 8469
11 547 10328
10 9909 97730
3 88920 94121
9 8764 28551
7 36182 80776
9 10669 22799
