19 33939 65731
5 1783 3937
30 366 47176
8 65725 75966
5 34399 44906
6 64097 75909
17 17311 72612
6 41785 47122
12 19781 49363
22 29949 59714
30 1140 68519
5 33059 37295
14 9135 38677
42 9627 79290
9 54604 64854
19 31326 63129
15 12978 39331
5 41130 45846
19 44422 65703
17 10563 45529
24 28456 77649
5 76865 83015
19 890 43971
17 38776 67477
8 22239 32248
19 32133 71910
27 20478 76940
18 43329 75656
17 39029 70717
19 7612 39501
9 67481 81844
15 31528 59150
4 17192 17220
12 64322 82252
11 35072 52974
16 5154 32160
5 604 2421
6 62108 68245
9 683 14160
7 14194 22960
9 6613 17689
37 7623 95775
7 23889 33868
25 41845 93008
16 36861 62779
8 11446 22298
35 14900 91561
313 4398 95525
11 45414 60637
24 42240 91759
7 36992 44255
61 16569 96684
21 14899 55888
4 15472 16134
16 34489 61649
22 43846 70360
7 8160 16868
32 13762 91545
10 74179 93001
27 2541 50064
7 6137 15452
10 1197 18290
9 39330 54469
7 10768 19519
16 27078 55704
7 244 8314
10 34939 47285
18 47606 80528
12 57175 77793
46 36137 93517
26 13256 66942
10 66350 80597
32 10828 82118
19 934 36618
12 22959 45192
3 38747 39743
3 246 674
7 903 9376
5 4532 9953
8 24188 36631
45 4926 88049
36 10908 85984
34 44760 84795
8 79377 91376
15 71916 97797
10 81722 95808
19 60403 94185
11 20289 38830
11 11515 20657
7 19964 28889
31 20765 85871
14 43048 68376
13 17300 37500
26 41847 84222
3 6996 7054
2 1001 1016
20 11778 49159
24 10732 58514
6 9609 14765
5 5106 7808
