25 60757 82078
15 22765 42081
14 13790 14605
11 16933 82611
11 23066 25047
14 4658 10558
8 17296 57279
13 2145 19486
12 12349 17238
9 55221 73504
14 454 12204
13 139 10846
6 56092 57977
14 5688 69079
7 78845 87086
15 12119 39631
15 36039 37201
18 2034 22962
27 3079 15625
15 32470 72389
11 34639 35681
19 427 47330
14 23497 28909
16 15436 60457
18 11698 33190
19 2064 2214
19 7271 20896
13 45929 86117
20 1795 30529
19 2119 69946
19 4371 9582
17 20454 24307
18 14892 92236
6 60526 61691
19 9513 41619
19 5709 24079
7 56109 68873
19 2189 16771
13 36484 91971
15 29058 30296
11 36048 48688
17 14479 45868
18 9660 20941
19 6618 80986
19 13304 41440
7 68605 94947
21 5419 11591
11 49023 69707
16 23817 77887
16 24242 98837
11 53032 55188
22 1901 9590
21 5203 36451
13 34538 77174
16 27790 54435
18 15872 30170
20 7062 89823
20 8973 21966
16 23084 95211
20 7115 7525
20 5058 5437
20 19584 29632
23 4621 35239
23 4412 52546
20 10090 25874
8 60472 82229
13 45238 80269
10 45481 48517
17 27734 32636
20 2791 3533
22 681 9010
16 23025 42103
17 17673 28006
19 12028 48823
19 12566 28189
19 9878 26860
9 53230 90987
16 20371 22508
10 57577 63440
27 3389 65322
22 2350 15650
18 13825 78479
13 42796 96987
19 10203 16918
6 84698 92793
9 56313 66942
17 29021 64915
19 15146 22361
21 6654 38267
20 7672 71850
16 39120 78678
17 26819 33304
22 4638 75762
22 3448 37360
12 44776 70997
20 16073 63697
22 1909 50390
21 10477 27864
7 71412 82954
23 3341 5063
21 7720 10679
17 26906 55660
15 36857 68037
23 41 3777
16 28232 99003
22 6950 19717
21 10509 21380
18 20330 27657
13 43839 47115
12 52763 82519
9 58090 94267
18 24482 86179
21 5444 25059
23 8804 33464
21 10553 74071
19 17903 89418
19 16100 23105
23 2331 18661
22 4180 15917
23 2168 13246
23 113 3712
20 12755 40314
21 9243 27871
15 35604 37581
17 25162 61630
10 56697 74772
17 23300 82180
21 8883 14042
22 7140 18636
18 19919 29529
17 26928 38380
12 52531 53597
9 55775 60689
20 13818 40589
21 9842 50876
23 3482 34021
10 54379 98781
21 11993 12720
19 13973 47182
19 21822 55441
24 8079 11175
10 86498 90459
25 1474 1682
22 8274 31810
23 4899 52803
24 168 12374
20 18083 18191
23 3162 13288
10 60329 68683
20 17195 23856
20 17889 37734
20 16396 37078
16 30998 79402
15 39155 97975
13 48463 71898
23 3182 5180
24 1035 1916
10 55465 99983
8 71066 88667
22 4695 9958
15 39455 90160
10 61653 81242
10 65568 80127
23 4328 10658
17 27789 65607
25 1047 12367
23 4044 4292
12 49975 88011
14 47021 70537
18 27670 50497
20 14296 21873
5 91013 95914
19 23336 44947
22 8091 30501
22 15049 78960
21 14248 57447
15 35573 98904
19 23534 62196
16 39036 69314
25 2054 2482
22 10553 36098
22 7346 22393
24 2597 27875
23 8407 23001
15 36060 66009
23 11634 14395
14 44418 59585
7 76938 78962
18 29583 75266
24 1684 1766
17 34123 84785
19 24560 55478
20 15870 67273
22 8973 16354
23 9453 45874
4 87445 92123
16 36262 61571
19 23477 30453
23 4055 12935
25 472 74700
17 29054 88519
22 13613 75318
19 22680 38476
23 5183 12071
22 9803 66990
11 54727 74789
29 24288 41023
24 3169 22556
15 34262 69095
23 11625 15777
20 21885 25554
22 8064 11610
21 14495 26077
21 14984 37590
18 26913 45437
18 27524 97928
18 28272 61667
21 15198 40854
22 10235 36818
19 22046 52700
9 66655 71782
21 14754 19770
6 82176 86730
18 28161 35165
10 57100 63730
18 28978 65198
24 1558 18037
25 3990 6561
16 34576 67754
7 71395 90664
18 32226 58803
24 819 45282
16 36100 38769
25 988 37917
19 19599 65553
23 5567 17523
22 12627 89406
22 12385 14856
19 24709 36931
15 39526 74634
25 317 3468
21 14582 29915
11 57837 59135
22 11347 50727
18 26829 33557
24 3964 51759
20 20118 35660
25 1560 1573
23 6275 33423
20 16674 28456
21 17271 36042
24 519 76093
21 18803 25606
16 36144 46156
16 37420 99908
21 13619 24481
25 3556 13845
23 6844 24887
18 27416 35550
19 22182 35102
15 41147 66869
24 1389 6781
11 58687 67238
5 80629 98917
10 62613 86389
23 7670 16532
23 5531 6910
24 1855 51730
24 7640 76999
33 8226 12965
18 27770 33550
20 18548 19563
18 29996 96782
19 24544 35622
23 3308 18882
21 16603 25170
18 26151 39382
22 11473 19497
16 38849 81991
21 16060 16275
10 57792 70079
11 53941 89087
24 5097 6171
23 4144 5329
16 36023 44288
24 3349 98372
24 4177 8664
22 8961 25221
22 12202 47635
12 50904 64400
14 44044 87071
23 6987 8093
17 28595 51711
11 57745 78677
22 9830 13826
23 6761 13517
24 1085 3729
23 9442 48083
21 12989 17081
23 6801 41755
19 22698 31480
8 69013 91207
22 12624 65240
15 40336 68223
24 5841 48944
22 10125 39031
18 24216 29491
24 2269 2910
19 26747 32177
24 36 907
10 63913 83198
17 31892 49960
23 5181 6201
24 327 81444
17 34085 44394
17 28649 29919
10 63426 93941
19 25709 57978
23 5121 6428
23 11130 13078
19 25706 83230
20 20769 26449
20 20542 80446
24 765 1667
23 6365 9450
16 37843 41868
21 14937 17828
8 66700 78409
17 32117 79955
24 1000 4895
22 8534 34093
27 12393 14679
21 13456 77566
13 50286 55910
17 35818 70077
14 42644 69646
18 28350 48111
24 1460 3720
24 8895 20961
22 7462 12075
22 16779 73101
24 575 1839
25 419 32377
25 456 3164
21 12870 17279
24 2415 78451
9 63721 88901
23 5771 21935
21 18938 86292
23 4609 6231
21 15812 22642
23 5835 51250
24 1647 59705
24 5293 74878
7 73228 78224
13 49867 66959
17 29791 79750
22 10305 57462
6 78818 96524
14 47671 98177
23 4084 27428
15 38997 57945
20 16418 37267
24 2503 6794
22 14415 40737
24 2797 8547
17 32844 86986
8 67565 84579
11 57856 78862
12 50761 99060
20 16520 65055
23 11217 45493
17 29092 60031
10 63124 69920
12 48582 82491
20 20106 99422
4 83641 96295
24 3287 36582
15 39522 87879
13 48977 74418
24 539 1028
23 11814 15467
25 4886 10594
21 16113 49586
23 3786 41058
22 9750 69589
22 11389 24814
23 5305 9981
22 11575 96752
16 37257 50121
23 4438 6086
24 2607 72771
25 46 2844
21 12066 21518
25 22939 37659
19 21316 23464
13 49889 50031
22 11615 32951
24 2422 44522
11 54336 71196
18 30125 47621
23 7058 40225
16 35429 77794
20 18479 21027
19 22820 24387
23 5530 66867
17 29428 52327
18 25189 30476
25 707 1452
25 2423 5601
19 20096 65285
10 60707 98053
23 3308 30523
25 13 11643
23 3727 16651
25 1660 51242
24 2900 27229
17 30767 71623
24 142 3819
16 37489 37526
24 3456 4871
21 12754 24968
17 32143 63843
15 42391 43653
9 61421 81535
23 9166 63887
12 50063 88431
25 2111 11121
8 67631 73488
21 14327 48556
24 1633 25930
22 7786 36844
18 29460 38255
24 1015 9593
24 3361 13595
15 38204 48920
14 43246 83742
22 11337 32437
16 37235 39469
11 54623 87993
20 16831 64798
24 3007 35071
24 4516 11674
23 8070 37758
17 31104 59880
16 36397 43888
20 16724 30906
19 21933 49513
24 2774 15760
20 19426 34785
20 21670 48494
8 67186 84492
17 28713 37971
19 28640 42741
24 1752 5860
21 12280 16226
28 8872 56804
15 41370 84044
25 2134 2238
22 11440 54317
7 76771 78631
13 44196 45031
9 63491 74632
23 7590 40449
21 13331 90068
23 5510 8329
21 13227 79339
25 251 3708
23 7011 50223
21 12623 29798
20 20991 78816
24 1730 7441
23 3531 18144
24 8698 57152
24 277 2529
25 306 1419
22 9905 33484
15 42232 89358
18 21787 93604
25 369 1439
25 1165 39754
19 26559 83777
17 31438 56764
17 31023 37964
24 6213 8224
22 12423 14869
10 57058 92501
21 14955 84160
25 2750 5296
12 50443 95433
16 34659 39766
5 81503 90039
23 7047 10222
23 7889 13708
24 4870 32341
24 1452 1951
22 10741 11084
25 1148 35479
24 3565 6696
18 26931 59499
20 21501 61292
24 353 5697
22 11318 23489
21 14839 21632
18 27727 54244
24 1104 25178
12 51080 67267
17 33267 34174
22 11576 18330
15 37821 49742
25 1321 3471
23 6332 7443
11 59876 82109
22 12264 43023
3 93334 97891
17 28492 96594
23 5324 7100
27 13138 15826
26 513 8324
20 17360 78766
9 66152 85004
24 1245 55239
23 4405 54077
8 70164 82934
25 2897 3305
24 1364 4037
16 39445 91980
6 73723 77761
21 17228 82979
24 1479 2356
23 9226 18749
18 23221 40061
24 907 25346
25 24 3750
21 14928 30293
14 42552 52034
19 25020 59164
16 34515 38765
21 17614 34519
17 34930 79216
24 941 7776
15 40888 44531
12 51228 66455
16 33388 72370
23 7306 76272
16 36302 72480
24 3180 31284
23 7072 37014
17 29148 57036
20 21809 30765
13 48289 89468
21 15005 40758
20 22047 32716
12 51027 69947
16 34426 41952
22 11929 71696
23 7861 8400
3 89555 97326
21 18764 72995
21 14591 81773
24 4573 57673
14 41508 64190
23 7980 34386
13 48801 65678
5 78585 99935
23 6929 23280
14 43417 82940
25 850 40495
20 19074 61897
12 52208 65694
17 31728 43441
22 10039 20002
22 8418 16941
20 19917 29352
9 63135 66866
14 44968 47940
20 17948 67915
11 57988 64391
21 12876 45230
13 50927 51384
14 48438 70115
24 4649 5064
23 3684 22216
34 1954 42680
23 5420 9455
3 91454 92559
18 22914 56160
14 45871 91728
22 11108 57113
18 29208 41383
16 34642 42200
24 1151 33879
11 57796 89202
6 78331 87086
23 6379 13108
16 37399 55799
24 11 168
23 6966 8331
20 15773 81304
10 61791 67494
24 5449 14157
24 672 83720
20 22266 56934
9 61758 93619
10 59110 74880
17 31703 41800
22 18064 58433
19 19090 25855
14 46159 58011
13 47609 90686
24 1726 18028
23 8489 25383
14 45752 47165
20 18269 59892
23 4267 87083
14 42646 92739
18 28880 50485
15 40988 80721
20 21695 63263
20 17710 74094
16 35317 39886
17 31194 56313
24 4610 16038
18 29452 59149
18 26311 82874
14 44411 96370
10 59842 76113
18 28097 48947
23 6234 98754
24 9 41
18 26515 45482
22 10368 26188
16 34655 66943
14 46689 60138
25 250 30639
14 45119 70190
22 10086 26441
11 55288 92819
16 33291 77753
21 15061 27685
20 17788 27311
23 7364 62527
22 8989 14401
17 32823 59061
18 26640 58266
24 4231 78948
16 35770 99693
18 27303 89306
17 31036 68441
21 14085 36249
28 21015 23810
23 10037 15613
23 8143 24170
17 31686 31974
23 7441 64728
21 16077 17195
13 48570 79705
24 5338 16595
23 5605 8793
21 14853 52809
24 1414 22835
6 78149 83347
11 55973 93469
24 2041 8593
20 21132 28518
13 43683 71765
19 26902 42852
23 3588 18799
23 4968 7727
24 5696 29244
24 1986 3284
9 64715 65911
25 4339 16611
19 18811 66139
3 97997 99188
9 64516 76892
20 19994 40523
12 48879 81712
20 18411 27923
22 11959 23412
12 50436 50772
22 11094 20939
23 10966 33445
21 13502 45746
14 44617 53994
17 31970 70965
24 713 36346
16 35796 94891
14 46281 63252
22 9424 98070
20 17849 49748
24 6184 85968
8 66605 80967
21 14341 40695
17 31692 97787
17 30180 32183
13 46749 83281
12 52362 85840
17 32243 46824
15 40149 44577
22 11949 95398
11 53028 93103
4 86118 95738
12 54757 76125
3 85745 88427
24 5709 13445
22 11699 70957
15 37564 96073
3 87136 90139
23 5134 67862
9 63774 85336
19 24812 44822
19 27285 84690
25 1777 48662
23 4197 4433
19 22050 28762
22 12416 61694
20 22930 38646
23 4708 13536
31 5667 8791
12 51251 76127
23 10912 63322
17 30633 40721
24 1696 6167
23 7145 7396
25 2010 7645
17 30362 84980
19 22889 53031
18 28804 81814
18 28347 68430
23 3649 27619
25 1276 2072
13 49519 98845
17 30025 41848
24 2025 25010
21 12886 20389
24 640 809
20 21876 56065
21 12828 38493
24 1606 19871
23 8575 23003
21 12230 22604
21 15304 75280
23 8304 17105
13 46510 58411
25 666 38363
11 58207 84939
16 38492 72932
1 97824 99544
25 1989 48439
25 1796 5518
5 79515 94058
18 29769 99879
23 8537 91305
18 32549 52807
7 72820 99480
12 51093 56969
23 7858 43288
9 62666 85784
22 11117 70577
22 11217 12324
24 1023 2522
24 2531 12098
10 61621 74648
5 84470 92775
22 12797 44852
13 48294 68246
22 7579 77119
8 72754 80581
24 1399 9008
24 2261 6980
7 74523 97006
22 11033 24449
24 964 8521
21 17927 47125
15 39232 61876
19 23041 92555
23 8694 48469
17 29457 88001
23 5317 5761
10 60887 83552
10 58370 84898
18 34306 36873
19 20352 85060
25 1961 3581
31 856 26670
18 28586 78699
24 761 45773
18 24672 81477
24 3926 38421
18 28019 41082
20 18275 77959
17 32648 79101
23 5379 38741
6 78395 88587
22 9440 45541
21 15677 61950
13 45736 51072
22 12291 63725
25 652 2127
16 39688 59977
20 15788 55758
3 87412 91682
23 6945 18798
14 43930 47030
19 20861 38836
6 78017 98038
20 21832 25445
3 89145 99069
24 7688 13191
16 34831 37750
24 2809 20360
16 32929 98155
18 30094 41581
25 414 2358
16 37007 67105
12 49481 71140
22 9230 11412
18 29925 31954
24 2679 50186
11 57118 77134
24 1111 43638
22 10841 25130
24 2312 3981
13 50466 80427
20 16567 76255
25 2176 54059
23 3497 24692
19 25586 70969
22 12682 43238
21 15121 66613
22 7072 50577
25 1115 2439
10 56947 86002
17 33151 56684
24 2420 10609
24 2928 23091
21 16972 26948
15 36894 66428
25 80 1237
8 69664 90811
24 1161 8997
13 47136 86803
5 78295 98123
10 60859 82317
18 26810 40322
26 2579 92876
12 51551 68612
23 6177 33199
15 40165 51827
10 58889 81550
20 19950 86769
27 8585 13470
22 17870 19823
17 34690 98943
22 6901 31367
14 47986 49832
10 59325 60931
11 53968 86348
17 32482 67244
24 1586 35953
13 50358 58072
17 29976 50278
25 11 834
12 51527 76433
20 17019 17417
23 5343 86258
17 34750 50818
3 86211 89482
9 67254 76387
16 36415 81149
23 5828 33627
16 31772 46921
21 17601 17866
14 43022 84312
25 1314 17918
19 20919 76551
16 34639 83137
25 314 2865
25 26 1276
16 40461 85524
22 10856 82231
3 88816 93474
13 52346 72285
23 6148 48750
19 27156 29051
21 12369 86088
5 80357 81051
5 78845 91689
23 8190 8547
22 9394 18291
18 27630 58065
14 46533 87873
14 44404 87915
18 24534 29976
21 16844 18733
24 519 49198
24 6464 75710
19 20850 76164
19 24554 66061
11 56141 78317
24 1116 98290
22 11841 22874
14 44381 98056
12 50724 95457
7 75696 87304
16 32258 45919
22 10624 10813
23 9856 71819
3 87969 88204
23 5194 19066
4 87182 89420
23 3933 19570
23 8813 84470
23 6599 22964
17 33733 47035
14 47130 75567
24 1718 12023
17 31218 63262
10 59759 88112
22 9818 59669
25 1464 60641
29 7227 8607
12 48953 72550
15 39069 81422
18 28065 43268
25 176 1362
20 23942 39115
24 2103 2864
9 61474 79220
24 3863 31967
20 20199 56648
24 5083 73750
16 35932 64161
23 5853 15625
21 18890 36930
24 2972 41583
24 1209 15424
12 51388 89729
18 26491 26960
23 8199 9115
11 54425 94331
24 3284 65103
18 30597 52488
8 66518 93441
24 1368 4208
7 75620 93278
14 42371 96099
23 12495 14434
14 44923 57149
24 739 93762
25 1771 38626
12 54253 70502
20 17808 55162
18 25661 37857
24 2680 18836
15 41653 80170
25 3324 6974
24 890 1366
6 76516 77536
11 55171 80761
8 68059 71513
25 3877 43632
19 23206 64865
23 7060 65541
17 30456 45163
24 5641 9955
23 3543 23028
25 477 77142
23 7404 53268
17 31483 38339
13 44006 63383
15 38566 60436
18 32179 69980
18 28787 47949
9 63971 81831
14 44518 74025
24 1180 43485
22 8302 66125
5 82608 92970
23 13698 91445
23 5423 10051
16 34783 86006
23 7837 57177
14 40555 83775
24 6699 24631
25 1803 11404
21 13289 40920
35 3121 53862
16 35867 59565
21 15306 30000
20 21626 48993
23 8241 35619
11 55823 73916
22 11006 15913
17 33504 37583
22 9636 37907
18 26574 43065
19 26384 83406
23 7305 12112
