18 51421 69641
17 27034 71566
22 8171 81580
14 73818 96819
8 1350 20691
10 28486 57512
12 64925 93779
19 12767 64946
22 16994 62467
13 1153 43205
21 15629 78586
5 83451 84997
6 43470 57310
7 77737 83125
12 6404 35653
14 49970 78810
19 40147 83878
46 3674 82490
22 27638 81210
26 18731 82883
4 55760 56973
12 47692 62505
8 26851 38820
20 20856 67762
9 9237 22727
24 4463 59435
8 31350 36177
7 17472 26229
28 31653 85313
12 32412 54620
9 4011 16949
10 10461 25844
25 9761 45090
13 40042 61629
14 10467 37455
3 37580 38629
4 2696 4376
15 37697 67685
43 1093 62971
16 59017 92435
4 41495 44309
30 22454 85464
36 2260 57955
33 24223 89371
15 4550 32475
8 4712 15791
18 76011 97086
7 36665 47290
29 29769 89185
23 21357 67204
244 47408 80785
6 57757 63920
16 40086 68975
28 43205 98947
7 27002 36325
48 10403 79619
6 8263 15708
17 8403 36872
3 58805 60520
3 2847 3748
7 13328 22509
9 3506 16275
31 4709 40248
5 63116 68377
23 4901 48072
13 25744 46820
9 3595 16117
5 72157 76545
41 2574 62751
18 1980 34200
12 51940 71204
24 22074 64039
5 81243 85442
5 63860 64399
35 12961 76995
10 28312 42649
7 64813 74137
19 8784 41229
15 16225 30165
18 60364 89836
4 70134 74756
4 14607 15124
14 18652 41613
3 19752 21021
7 23760 30308
11 41924 58603
33 49570 94981
25 35810 82162
5 3623 7347
11 21893 36349
8 83801 94351
8 11144 21755
25 61697 89466
11 48812 65332
16 5658 33664
13 32493 53587
16 34390 61007
7 16241 26523
6 485 5483
22 1438 37079
