8 858 1012
12 17361 25145
15 36787 89581
9 4414 13928
6 11259 13756
20 15603 77686
42 3387 67020
19 30887 60771
8 784 12418
20 43868 69794
33 87 67845
16 31507 53821
8 5929 14899
10 43678 54024
7 80380 83278
37 25617 97817
17 34838 61117
25 44178 88946
8 7398 16372
19 11517 45091
19 5525 39409
6 43922 48632
28 45571 84732
21 27073 63970
7 8817 14440
12 434 17888
13 46609 68406
7 67653 77205
19 41727 76910
4 1256 4230
22 42912 82549
5 6511 11404
38 11453 87576
6 26345 33049
6 19891 23707
22 47016 88874
4 2088 4311
26 48961 96100
5 21224 23782
34 9013 50463
3 1098 1413
8 352 10462
23 51582 90969
5 25967 29970
28 25386 80098
29 22503 77704
26 46898 96411
13 55070 73793
8 51254 63287
22 21553 61507
8 25430 35282
4 11848 13886
10 68649 84768
24 52020 93840
34 21946 67176
12 407 19300
5 45465 50745
21 6707 43855
3 14225 14885
8 84563 94773
17 17832 49823
6 7145 14328
6 82157 88869
7 6868 14924
25 23846 72600
3 899 1316
9 38509 50003
30 28647 85329
16 72542 99424
6 10778 17028
23 56139 97647
23 6112 24482
6 6701 14304
11 4956 21601
35 23134 91533
29 39140 94345
22 40173 81862
9 18319 30869
30 14580 71760
9 47014 59405
35 26836 94511
4 10418 13130
18 36273 66882
51 10816 85651
20 43791 80199
44 12975 99767
9 60125 70908
6 13404 20399
4 24570 28258
11 1145 19306
8 8062 18176
7 1845 10731
39 9997 90822
33 18757 81887
38 15356 92912
16 1124 4431
16 66666 94237
9 3734 16369
12 13295 31953
5 29390 33329
21 15780 55475
9 15677 31095
5 21153 24785
5 10388 14154
16 6257 36113
3 265 1667
16 50164 79369
11 10087 27737
19 23645 59787
10 34658 48119
36 6716 79907
21 19460 57706
29 24524 47922
8 10876 22253
8 13866 26362
22 6708 44799
38 10910 85188
14 66634 90576
17 42184 71464
6 37905 43939
47 1650 97996
4 19570 21237
12 36894 57077
8 63619 74760
4 3131 5440
10 13586 28037
78 2620 94666
23 9860 52096
17 7272 37449
13 18124 40226
3 863 2102
5 15712 20154
17 56947 87670
10 1078 17273
9 61850 76842
4 3308 5281
13 12827 33630
16 3624 33459
31 8577 67347
19 57677 93822
6 5976 13684
11 22302 41518
38 15487 59006
7 44951 53680
5 32688 37397
38 20217 97433
29 41772 97442
7 19536 28317
5 7631 13269
33 23738 87582
7 63336 71764
36 5492 77717
14 32871 56675
4 93703 95917
9 62711 75942
6 31461 38718
53 13635 85615
16 4244 31573
3 1124 1268
4 89588 92628
13 61398 82352
15 20372 46962
24 4430 51231
17 12861 44274
18 22590 55829
36 21974 93035
27 8055 60604
4 3001 4472
17 31079 63255
6 631 7013
5 61837 66147
14 37299 61512
26 59697 94968
21 49574 88421
17 48355 79042
6 1172 7991
8 39439 51979
30 21956 78887
27 43006 96891
8 16501 26765
8 27302 39237
22 2078 45001
23 51151 92475
27 35250 87923
18 43608 75992
22 11126 39086
11 20265 39418
7 13231 20910
16 11326 40554
7 83221 92124
40 12031 92221
11 14953 33328
22 18970 59595
11 5737 25201
5 3740 9187
6 26809 32659
33 8443 72551
3 45809 45943
25 42663 88804
3 1288 2226
10 21805 37096
12 10612 16110
10 19068 34818
6 22994 29193
39 2349 79436
7 12378 21208
4 4734 8011
43 1656 83351
8 48378 60972
14 24243 47055
18 32312 66539
6 48513 56429
17 1370 31433
11 43606 61975
11 19988 38649
23 9859 52441
7 4658 13318
3 5185 6311
9 4005 4440
14 55569 80054
3 1182 1193
3 13815 15708
27 2701 55776
4 28729 30179
2 15037 15411
17 27612 56882
7 62694 71240
23 19102 62654
11 13607 31320
13 17303 41482
35 30835 96487
16 30523 61082
37 17244 88489
11 19363 38859
28 1338 38358
9 12254 25248
5 22699 26578
8 19539 31815
10 23582 38981
16 58715 85709
18 2052 36295
6 75115 81828
34 3793 69849
37 6667 82145
5 37720 42262
34 4300 70881
15 68806 96532
30 9884 65310
9 4623 8904
6 23681 30384
4 5089 7040
17 4908 37247
6 17213 24105
4 6174 9965
12 6758 27194
5 20316 24858
8 21241 34918
34 18210 72321
6 24456 31476
4 6854 11358
22 2754 41615
12 48149 71345
24 34834 79750
19 20579 56891
10 71544 85538
26 11226 61155
4 37257 40587
19 70390 89988
35 16947 84431
7 25677 34521
3 18315 19079
4 19531 22687
33 20568 84515
29 32309 87813
7 12464 21135
6 19384 26643
15 47159 72531
4 4535 7042
18 24024 57898
5 29830 32837
18 14263 49134
4 17691 20112
3 490 2275
22 51364 92228
4 21331 22918
15 4492 22276
11 52473 67441
5 933 4122
30 27349 85355
15 51284 76419
24 13182 61720
5 35465 40310
19 713 35189
21 849 39456
27 17338 69784
5 5031 9270
15 5909 33828
21 5071 45674
7 86233 93797
13 61302 82623
34 55331 96330
8 9413 23040
30 41987 98385
3 6363 7568
12 2963 21768
12 21152 41985
12 28756 50064
42 4149 86910
5 199 4299
12 10864 29101
21 50462 89904
14 910 25495
3 4546 6058
5 91380 94399
5 8672 13837
18 52697 87670
26 196 50393
8 2489 8054
20 557 38655
18 63036 94500
7 21633 30467
7 36685 46030
5 83948 87239
12 62142 82059
21 13379 53748
22 6745 47435
5 9696 13939
25 26343 75435
24 11487 57888
4 49442 51545
5 723 4680
24 4153 51619
22 26931 68565
43 3450 70500
7 9202 16591
22 13565 54938
12 61526 83968
16 23662 51016
24 17972 62938
13 47404 70493
4 40482 43381
9 25703 41302
15 66652 91494
7 8153 16353
7 13368 22452
4 26328 28482
8 79810 90687
7 459 8750
17 3564 31177
19 41890 75310
13 50798 71255
8 17177 28142
17 47181 62154
2 13376 13856
9 22041 33602
29 28854 82533
23 43723 87293
8 11454 22943
14 62598 86951
4 35931 38349
23 13322 56475
3 1801 2017
14 42248 66289
32 22620 83981
14 6087 29692
14 25150 49345
3 34689 35198
29 4923 62847
5 8257 13307
25 707 30999
13 57810 80251
24 3236 49047
11 55205 74024
47 7382 97159
5 8758 15821
4 3395 6022
9 36213 50032
29 20243 76432
12 10802 29720
12 34877 53875
11 22516 42547
9 29265 41370
24 80 45862
3 238 307
18 38280 72553
7 15924 23504
20 1174 34445
9 26108 40176
3 2598 4119
24 56218 98688
5 39308 45067
7 7288 17250
11 72920 90488
11 28604 46441
17 51146 81654
4 1599 2560
5 34539 40511
26 4786 53135
5 15932 20390
3 23291 25144
17 3166 31266
12 41538 63449
7 15405 24920
3 66908 67690
10 38299 53979
11 6094 23068
50 5223 74077
39 1282 77787
32 8464 71704
6 12695 18727
2 79712 79827
5 8255 12446
37 10554 84356
5 3916 9512
5 18318 23217
13 6293 28765
4 2850 7508
23 18105 60818
3 30397 30895
10 79710 95744
6 61878 67328
16 2723 31863
31 13643 74460
6 33063 33972
9 44064 57414
13 6375 29272
8 26642 38060
3 18236 19126
2 778 818
31 42059 99744
11 40548 58526
26 30946 81574
34 25742 93050
37 6692 81477
9 4894 17524
4 27330 30624
22 8767 47343
3 30 152
7 516 10493
23 46826 90493
32 2141 51352
17 43436 73172
2 1659 1764
29 12749 67651
38 14511 91850
15 54376 78240
3 3762 4277
5 5526 12621
4 4960 6572
12 9906 30756
19 9691 42148
5 8443 13769
3 6703 7148
24 6284 51074
30 37598 92789
15 59163 86288
27 34514 75446
15 50113 76333
22 25947 62729
3 11274 12514
3 11889 11933
5 545 5733
5 90405 96695
31 23367 82677
46 8608 97796
17 43403 73232
10 15363 32464
10 63678 78420
10 20925 36339
6 38975 45555
32 1027 63843
12 73492 91350
28 12660 59882
44 2834 84787
19 1032 35020
16 21440 47276
27 21557 73537
27 23690 75611
15 35841 61469
10 33644 49389
4 90409 93682
28 29083 82270
43 7392 91833
22 6069 35160
30 13913 69516
25 12103 59081
3 65420 65556
18 2965 36052
6 18357 25862
5 60714 65149
26 32012 80400
24 28660 75245
14 6682 30897
7 87513 95989
30 15855 74914
33 2544 66828
14 49216 75065
32 18033 61619
10 3244 15033
3 5230 5710
4 5105 6715
2 676 753
13 56625 79635
6 41346 46013
16 13554 41708
3 48104 48308
4 7241 10239
12 50351 68816
23 27549 71449
4 3633 5700
38 13411 87206
16 34062 61757
6 77042 85090
5 2744 7009
26 1746 51645
43 9202 95854
24 15725 51202
31 37317 96431
13 6705 29478
7 20273 29973
31 40625 99950
30 864 58648
6 5615 11325
8 36474 49355
14 70506 95814
14 50187 71650
11 35765 55102
11 1388 18681
26 32881 83482
12 690 19317
3 57 376
3 776 1272
8 36939 47950
8 176 11503
7 24804 29310
35 26122 93705
12 80863 98485
3 6371 6984
17 23003 53289
3 1346 1866
11 17749 36202
24 942 45728
3 67107 67456
23 12851 56973
15 2232 27471
10 6756 21876
5 10312 15149
22 281 42233
3 208 954
41 17333 96751
51 5726 71656
12 50647 71066
15 32838 58092
19 28334 63917
24 3142 50671
23 35817 79466
5 8452 12109
25 18063 67189
4 66593 69983
14 28383 52662
9 1255 13928
5 89493 95939
6 72580 77997
3 2870 2925
20 1874 39984
5 60848 63599
20 38673 74981
5 56068 60600
4 10213 13278
43 37827 96902
15 35831 60489
16 4677 32391
8 32257 44942
5 25300 29730
5 58895 62326
3 453 1048
5 22566 27674
4 16829 20299
3 62161 63233
3 1910 2326
35 31848 96934
5 2617 8075
4 8195 10636
26 7218 56126
13 41762 65106
7 68173 77485
22 14330 54944
22 6319 47291
6 34311 40675
6 17635 24779
9 853 14862
4 30904 34228
6 45239 45860
8 15353 26598
5 64453 68413
6 2483 5540
8 7951 21353
27 17018 69275
5 15472 20713
11 13537 31645
18 38010 71484
19 47787 82986
13 23569 44994
9 12126 26446
4 53214 54579
3 2948 3363
13 28208 52685
3 15183 15331
21 35929 74142
36 16109 86861
10 16497 31465
6 10685 17933
4 3417 5562
3 166 691
19 12189 33253
3 9319 9981
11 43945 60907
9 4893 17133
12 25861 48332
20 10722 46526
5 20231 26453
9 31878 44932
13 37165 59335
17 5643 36407
8 8326 18439
27 7792 60388
5 29110 35095
28 4218 58246
22 1920 43849
24 51891 91383
19 14559 50310
4 8000 11372
17 7120 37564
29 14895 66120
16 24780 54334
16 24214 52137
11 4598 21071
23 12441 55005
4 51411 52822
5 24081 28897
4 2575 3851
14 18850 42106
48 584 97362
7 311 9379
4 3010 6370
5 26511 30786
18 63234 97520
38 4193 80652
56 1012 89401
9 79780 94111
21 23617 61692
14 34990 59665
23 1157 44265
8 7108 18547
7 57851 66021
7 67860 77757
7 378 8668
16 10663 36890
6 1062 8552
13 77449 99393
29 13310 67602
5 67901 72112
9 11399 26031
3 88902 89275
8 28604 38778
20 45501 81951
42 28629 79611
42 14316 95896
6 14368 20582
7 23529 33385
6 8338 14749
7 3339 12311
13 51693 71157
17 36200 63627
29 41276 95186
9 27165 39692
4 1541 3417
28 46880 95737
12 15673 32286
7 645 10802
11 68405 85838
5 11200 12896
33 34909 96579
8 252 11079
39 25858 79952
28 36715 89127
36 10490 75317
22 5193 46843
34 17077 85822
32 7107 67213
8 27338 35474
29 618 52427
32 12190 73428
4 2089 4601
11 41622 58454
57 25188 96835
6 71134 79101
9 32741 45218
3 35052 35846
11 23392 42129
19 8110 41819
3 435 495
4 5618 8790
18 33219 67200
8 66091 77561
10 78709 88564
13 49446 71150
4 8043 11439
23 47821 82219
7 64159 70803
23 51697 92676
21 54209 90577
13 44212 63398
5 9698 16452
39 21546 96302
4 79779 81013
3 1488 3152
23 9912 37388
17 20058 51074
27 30408 82502
3 657 1168
11 38530 57935
5 66481 70751
32 100 62182
4 4510 5346
5 2778 9104
33 4123 67994
16 34189 61309
18 42436 75525
17 56355 85736
26 42676 92992
9 33018 47174
8 12377 23902
3 32086 32521
8 21921 34340
6 12133 17718
29 22563 67492
5 87064 92367
17 338 30276
7 5311 14199
10 74679 89086
39 1761 81116
6 6863 12317
25 27805 76496
4 50977 53100
27 23833 77070
12 72464 93252
45 11096 95865
7 10982 21489
4 35477 37020
11 21297 38415
7 58103 66257
7 5584 15440
8 44002 54956
28 38000 84288
4 62374 63806
11 24186 40606
10 28218 41787
3 1845 2206
29 43030 94823
17 423 29659
13 43988 60662
3 1922 3728
13 11095 30532
8 14059 21737
17 66805 94580
9 74469 88874
11 56546 73157
8 14679 25999
8 47148 59230
26 12978 64656
18 28288 58588
15 39029 55985
6 969 6308
11 3896 16459
31 47830 86605
14 19796 42953
5 28606 30066
3 334 1779
4 14078 15236
33 32018 90554
16 28780 55997
16 11694 36348
13 3865 24406
3 50977 51368
33 43919 99501
28 24350 74852
19 54606 86988
26 25356 74532
16 35860 64444
25 10163 54987
47 17719 90490
40 10601 90973
5 38472 43035
12 2370 22890
21 5168 42363
6 79395 86214
26 40600 94216
12 1745 21027
11 18174 36118
12 7095 27102
7 69042 77552
11 4542 22140
16 24667 50688
36 7218 76082
5 4729 10181
3 106 1147
28 30624 82175
17 46016 70426
15 2375 27412
8 6626 18085
4 52808 54267
4 45244 46266
6 47615 54655
3 17371 18399
7 85682 93486
20 6485 42987
12 5167 24546
5 41224 44824
4 24622 26219
7 38979 48231
8 44864 54627
3 14928 15953
22 44198 84544
9 3005 16829
29 16151 71238
7 43098 51969
35 1140 71419
17 36828 66772
18 10995 44554
12 17796 31665
8 4546 17684
23 15611 58430
37 5024 78301
4 446 2520
3 4147 4240
14 8667 32405
26 30740 82532
4 1018 4034
4 8371 10299
37 14626 88542
7 75375 83019
14 46021 70786
7 8854 18145
9 8723 21299
4 46737 49809
12 54380 73154
23 27271 69805
9 33209 45838
4 50197 53126
26 29806 66599
19 3646 38551
3 75384 75742
9 30444 43286
8 42805 52444
3 93633 94778
17 21836 52418
40 14185 95224
5 2636 5977
10 69198 85603
30 17181 74888
5 16217 19124
46 1779 94897
8 13212 23765
6 44625 52875
40 10337 88164
50 4210 78780
6 61053 67636
3 4132 5447
5 5787 11141
4 45486 46351
11 11341 27895
11 32779 51900
24 53894 99422
24 25681 68242
29 41929 97484
4 38101 40257
11 62387 80760
17 7258 36465
3 787 1847
14 21150 43963
23 40105 83186
26 41755 94533
4 49297 51064
6 8091 14073
60 2390 97954
4 23756 26833
15 3514 30122
17 13355 43352
35 5225 73414
11 30545 46367
24 46623 92449
4 1241 3351
34 16023 82959
5 3179 6595
4 5736 7472
10 22875 40165
22 47603 84606
4 16883 20235
19 22308 57938
7 10023 18531
28 39680 91512
31 13650 51165
8 2419 12245
9 70443 84094
25 11280 60501
8 2478 11926
3 33414 34899
10 14298 29652
3 298 362
23 45276 89678
9 409 12856
7 4199 12679
9 78294 92351
8 83685 94155
9 82634 95814
15 41392 68523
29 11478 66849
20 43770 79860
11 38815 56014
17 57529 88663
25 13769 61238
21 15887 49235
6 1201 6635
21 2786 42308
5 94776 99969
21 26173 63074
3 82123 82394
8 10566 20840
8 21549 32324
14 72582 97066
22 25698 66047
15 28581 54333
6 50840 56562
4 4081 7170
5 3383 6820
19 7513 41914
7 12654 20971
4 58594 60452
26 16098 67830
17 70347 99036
38 1408 78216
12 71686 85389
14 24717 45813
9 60019 72995
22 40390 80451
4 622 1548
11 71509 90348
16 57425 84537
9 25379 40228
6 35540 41492
30 36141 92411
36 12570 85457
35 18739 86208
5 7926 11289
16 50195 78395
5 73036 76718
3 16257 16603
14 1016 26325
10 37587 53159
4 3865 6255
24 68465 95983
7 26800 35542
19 6158 33034
5 10729 16947
13 76996 97932
24 35706 80485
9 79439 94615
24 1101 45575
8 15872 26049
4 29127 31375
18 24566 57920
6 32419 39399
31 9071 69917
4 44787 47001
5 23349 28329
6 76146 81343
18 25472 57596
38 12965 89748
19 63838 99605
4 8606 10719
31 11860 52171
19 22156 56569
3 20179 21478
9 22009 34475
3 46909 48044
18 50428 80859
4 84105 87977
13 3612 24219
8 5059 16663
11 68474 85988
19 31988 65905
13 75445 98995
33 29739 93382
24 12531 59742
39 3579 82255
15 70660 95835
17 57108 84097
8 3780 15651
7 7575 17041
