116 22485 80254
9 12755 21986
990 3281 13173
13 21371 35235
13 58606 65875
6 78447 78472
15 14467 38109
15 36688 65227
31 30986 95309
10 30444 30795
4 1458 2552
25 38347 81395
8 16356 23091
10 9861 19451
29 33975 91116
6 1141 6678
12 16614 35324
39 22998 87762
6 940 4670
6 7813 14317
8 77357 78890
6 4961 10900
20 16062 50711
8 32593 38545
12 11686 30584
3 507 2098
20 7741 39425
32 40383 78335
30 522 56715
15 27622 47457
7 3287 13231
31 15341 68903
22 34257 71580
5 52973 56450
13 34575 54397
31 29331 79792
4 16679 19150
17 17317 44323
32 37722 96300
12 5911 22914
9 52089 63269
10 19887 33512
8 21709 32531
13 1642 11575
6 9056 13755
38 10051 86763
3 1970 2023
19 15130 48149
14 52151 77171
32 1569 60019
54 22232 97473
9 15678 26041
3 22029 22647
5 7787 13483
3 532 685
16 27829 54875
24 6390 50824
9 14988 27182
16 13350 40962
29 37579 91397
6 32802 40723
8 3189 9247
6 2447 9102
7 23668 29923
31 7161 65542
8 4300 12680
15 40372 65329
19 63174 96938
45 9565 93893
19 26687 50837
7 2302 11315
27 16551 67394
4 8153 12348
33 2005 64583
38 609 76912
15 16701 41084
7 19195 28657
27 28717 65022
10 11986 27813
17 22012 53724
38 15904 91042
14 1525 24894
13 28801 50386
3 4226 4631
10 1061 16462
12 25183 43953
23 36185 77231
18 23984 46336
47 6575 99757
35 1670 67120
4 41052 44763
24 3672 47134
7 41972 48968
17 30491 59959
4 3715 7075
26 37264 74503
4 50144 51008
35 25300 91021
5 41808 46122
4 42331 42888
12 28493 48487
11 81236 98226
15 63181 87507
38 26125 97859
6 5075 11247
5 47324 52754
26 40653 70361
4 35113 36717
21 49420 86407
11 3372 19913
16 56747 81974
9 10129 21568
27 42351 91044
31 45152 95371
29 36129 81877
12 56360 73249
39 30609 83797
39 23906 98463
8 30843 43704
8 28847 38310
13 2820 25187
6 25464 30954
3 18686 19153
7 49409 58073
29 17634 72941
14 45616 68637
3 6173 7073
9 11786 25526
22 16905 42887
21 47781 86768
16 7452 33046
7 1322 10878
33 32324 95341
7 91026 98934
38 22315 95955
19 52038 84768
14 38546 60936
17 75042 93679
25 22704 68636
9 59813 72783
31 33385 90454
3 2461 2654
5 1715 6455
35 6932 73406
20 10154 44970
39 4395 76647
16 25045 43838
47 7728 98565
18 9809 41772
10 27755 43034
17 43702 72083
9 21020 34714
3 587 1092
5 39566 44696
3 245 420
31 9301 66349
13 47308 69252
36 4566 69551
4 67145 67485
20 25424 62555
18 53933 85332
46 7446 95413
40 1458 81983
62 5920 54849
10 6123 17815
9 32485 42146
4 710 1069
3 151 226
8 2450 9898
10 15602 30033
6 10608 15855
32 10685 65519
19 69042 99030
21 45778 84238
31 33041 89829
26 103 31486
20 14257 47714
32 3666 62088
29 10514 62364
16 2813 30754
22 51271 88280
18 17974 48263
3 18423 19312
8 5628 15927
11 17272 33589
4 4476 6781
13 45682 66151
36 5512 68811
18 23206 56138
3 2491 2510
6 23929 29407
6 8204 15112
25 33200 79998
7 50411 58326
32 3445 64060
3 14182 15035
5 70263 73648
28 26711 75556
27 65331 96875
16 18217 42469
30 17879 71282
4 502 2781
7 63475 72673
26 50166 99140
6 15452 20153
13 27303 47931
35 16351 82247
20 53016 87184
23 20275 60718
11 43447 54239
24 49061 93366
6 89018 94163
3 10540 11506
21 16613 56683
11 69438 85024
6 89904 97626
14 35864 58536
8 23624 35154
22 16828 54121
13 20181 38907
10 78031 94041
13 66208 85806
5 16987 22287
58 1397 91247
23 31699 72539
40 12310 89826
22 7480 47815
4 12797 14695
7 29353 38827
11 6024 22441
14 31299 55471
5 30465 34181
3 10420 11214
3 82363 83853
29 758 36121
6 5737 12811
5 66204 69993
19 47230 81189
12 42584 61042
6 9467 15159
4 76441 78929
41 13200 92842
16 51735 80061
3 117 379
9 11013 24483
51 2232 95650
9 10864 25071
20 17122 24918
19 2131 35910
35 3152 70162
26 188 47202
20 29278 63365
4 1529 3949
40 16168 93730
4 2553 4869
3 1886 2889
6 38506 43671
4 13360 16405
19 1566 37151
16 5463 22892
6 50851 58460
36 10968 75002
27 1561 51721
33 7554 68795
38 22148 98011
4 57479 59486
18 8344 35707
23 9238 48523
6 15768 20443
3 53 227
9 15349 23851
6 7732 15011
3 7016 7443
19 28583 64273
4 73830 76506
24 29511 70953
20 51500 86184
11 44467 61396
33 6073 66936
3 19360 19598
13 59258 79484
36 2338 69083
9 47971 60180
5 35539 37131
11 14564 31263
26 7523 56455
5 43967 49013
34 2763 62338
8 6932 17499
11 9723 25624
15 51196 75320
6 1770 8919
13 45788 68814
27 49545 99864
13 13558 33529
18 40192 71617
7 73572 78919
14 2823 25703
24 18563 59705
6 8909 16243
3 73828 74178
6 3757 4749
7 72884 81169
25 16975 62628
5 50597 55403
26 8910 56509
13 46565 67901
15 72261 97907
13 364 19382
52 19281 94729
7 66216 75822
14 3614 26846
40 7758 83275
47 2003 87186
29 35087 82355
9 42824 52615
9 82536 96213
6 24932 31094
7 14621 22959
23 24155 65309
12 18212 30756
12 17512 37409
14 34830 55931
22 10782 47385
19 37602 70018
17 51494 78859
45 10636 99108
4 677 3816
9 24754 35778
14 18316 39584
3 23108 24322
22 41918 78978
5 1317 5774
20 13475 29458
52 14468 96914
31 40602 99285
9 69326 80576
7 1255 10874
14 18675 41558
10 8124 24153
44 2201 84297
6 10384 17648
7 2240 12381
18 48646 79187
13 21920 39643
35 17328 83847
4 4633 6672
4 8859 11327
9 2322 15415
13 8917 28538
3 11774 12335
10 8606 24617
25 17542 62947
21 4243 41365
5 63950 69252
19 8051 40573
9 2781 16028
11 21588 41462
8 20791 30055
11 47814 60735
10 4693 19444
19 6902 41695
8 66736 78152
14 33222 55122
9 29183 43221
34 12722 76968
9 29708 43788
9 32564 45798
13 24232 46064
18 12176 44938
6 34341 39277
15 25706 51422
9 9452 23410
3 65487 66721
5 52165 56484
6 38764 41853
28 38084 92682
15 47049 71536
6 16187 24880
9 10756 22035
36 21069 89463
5 5712 11454
14 63356 86717
25 48478 95523
22 23771 63277
7 2504 10388
16 31452 60655
24 10597 45352
7 22003 29642
22 17291 58141
3 15 688
15 2678 28448
15 69160 93882
21 14904 49675
5 62301 67558
33 18077 81694
23 44493 87219
8 12915 21872
42 2073 81022
7 27716 28811
29 37309 91816
11 25198 41461
23 51737 91120
40 5537 83504
6 1049 8157
33 4174 66901
5 5977 12395
24 35973 78073
3 3145 3762
22 44538 84736
38 27531 93856
5 4002 8614
32 36685 97554
8 8699 19796
7 15046 21981
13 69681 92737
22 4127 43607
5 55651 59805
7 44008 55093
6 56891 63466
18 7804 39912
5 42151 45849
13 61792 84171
6 37915 44874
14 43578 66792
24 8138 48592
9 9284 24425
3 53573 53877
17 9580 40132
31 32 55226
32 20712 82804
12 29474 47516
4 41469 43911
17 5062 34096
6 6460 15229
4 49480 50876
7 777 10691
26 47050 96970
27 39044 79974
14 48201 72616
19 33818 67725
24 1595 45638
10 81806 98698
6 74515 81259
7 12138 22272
6 80822 85501
12 39476 60395
8 16194 27331
11 33869 52808
16 12206 39163
5 6148 11757
9 7813 21003
14 30939 54840
6 1162 8812
52 52 99058
6 81647 88408
6 9956 17002
23 6219 47341
40 6353 84095
11 7196 25452
24 29389 72713
34 7704 71927
4 33983 37850
22 22546 47381
25 11138 59119
16 1135 28397
4 203 4156
7 30441 37231
9 11089 23638
14 45565 67144
3 1509 2170
13 32662 54763
5 6144 10499
6 8266 16358
12 37912 56235
2 1587 2012
16 38147 66028
4 1609 5439
27 20221 70170
48 24655 86546
7 1654 12046
10 23901 38805
8 20050 31850
22 46097 85631
13 19525 41100
34 1187 65839
5 48369 52597
2 1321 1842
8 56649 67410
17 61623 90818
3 7924 10328
3 10885 11137
40 13965 90265
37 16639 72879
17 16781 45746
10 49647 65038
21 16895 56004
26 1015 50339
25 26097 72119
12 20653 41310
38 2042 74160
9 71173 85852
6 6842 14395
14 10773 33425
36 15594 73220
2 6745 6940
16 3705 30686
37 7910 77798
33 19477 84763
8 18360 29161
7 18930 27379
6 31182 38648
10 26090 41690
5 2679 8606
6 80656 86296
15 11710 39620
10 45507 59549
21 26582 64171
19 34618 65451
4 10289 13056
9 50819 64939
17 35252 63765
15 33505 60663
23 7976 49838
3 61818 62165
11 45157 63940
3 52445 53724
14 75005 98227
7 1529 12056
6 26685 35252
3 92770 93905
7 37770 45744
25 29792 75789
3 54 145
3 2431 3600
3 11326 13666
14 41666 57289
25 12739 59649
3 4374 5101
3 3151 4141
4 7142 10848
19 35885 69044
6 66762 74164
11 16924 34546
6 32697 38912
21 10068 47847
6 22904 29976
3 1600 3525
16 44937 71892
6 37079 43980
8 24346 36834
6 30371 37128
14 72108 95792
18 50953 81114
16 52214 69065
17 3413 33931
11 28756 45705
13 14070 36274
3 3931 5569
20 8434 44229
28 25700 78083
26 21580 72548
28 46710 99553
12 32398 51934
3 18234 20671
10 20348 35532
21 2792 40949
9 39393 53644
15 28882 50809
6 7697 14665
7 10390 18842
18 61958 95376
15 17864 44460
19 149 35478
4 10537 12248
35 24533 90830
25 16869 62285
17 14250 45780
11 64198 81987
10 62725 77137
14 20060 44125
21 4641 25266
20 5908 42277
6 27883 34216
11 3688 23099
6 27843 34146
18 41612 74102
12 5395 25069
13 24884 47695
4 8704 12736
18 31709 61682
13 528 22364
39 9702 86930
24 52456 98450
9 48237 60695
25 45220 80969
27 6860 58332
7 23527 32597
27 30544 78084
21 7300 43936
7 12666 21076
30 5902 62290
4 5601 6956
14 62019 86061
3 42306 44420
31 32320 89321
18 3207 34186
5 14303 18341
30 32481 82431
13 23649 44552
4 24737 28310
7 7046 15738
3 5214 5760
26 52107 99312
19 826 35962
8 32308 43727
5 40630 44475
4 4123 7791
6 7945 13159
10 26762 41155
5 940 5986
30 18806 75654
21 5899 44203
9 1579 13764
11 14469 25548
6 60761 67663
9 31223 42931
12 19512 40573
27 16706 66111
3 223 871
5 1521 6746
5 7790 11920
3 1545 3830
13 23195 45845
8 64930 74843
3 7341 8627
12 10546 31149
6 50085 55273
21 16143 54068
16 25064 52633
10 52049 67955
4 4957 6711
4 20208 23890
6 5290 13357
30 52379 95580
32 11889 68140
28 44652 95925
3 14158 15264
25 35493 82236
49 2839 99829
17 14889 44165
12 13955 34956
3 2850 3628
27 3092 55539
15 6889 30129
10 83517 87661
14 1770 21891
21 56273 93539
14 857 24235
4 18341 19568
8 32731 44628
7 63156 72148
26 15610 58831
25 957 48542
10 18050 32931
24 7060 51074
45 10149 95322
5 21906 26846
42 14360 81289
4 4703 6389
42 462 81095
31 4944 60733
5 5053 9140
5 37146 40950
4 29681 32490
8 36972 46956
31 16564 68314
5 10 3893
13 74901 94318
28 39432 85104
5 3327 8896
30 48631 75392
5 62950 66756
5 2998 8020
4 1380 2963
4 24843 26794
18 27426 59239
43 1153 78349
6 5544 13198
25 34471 82562
9 17022 30631
6 80180 86887
23 2551 45890
27 44493 96678
11 45254 62224
6 54803 60134
12 75154 97549
13 59608 76960
4 49281 51225
16 54526 81430
18 2233 32000
9 2738 14647
16 5434 33573
5 93359 98546
17 57622 87186
13 10726 32409
5 11108 17206
14 58680 81517
14 64391 87820
16 71652 99867
24 20342 64440
10 43247 59711
23 26010 54065
12 35053 54088
31 32687 91436
18 4580 36729
11 80064 96971
11 8677 28490
32 14887 74654
5 23276 28176
22 2193 41798
5 2338 6582
7 67024 76422
4 570 2749
20 10116 46942
15 38087 64410
6 11682 19027
24 15097 52863
22 58571 98783
34 9640 77697
12 23508 44037
18 60167 91422
20 23795 53747
30 46554 98280
6 8240 13822
29 23331 75296
9 79242 94115
48 29865 85123
4 285 2134
12 59500 77030
5 1937 6813
14 10548 33694
22 7167 44047
5 39583 44773
4 2708 3011
23 50018 91451
13 995 23551
29 4515 59269
3 866 1051
3 6920 7520
16 30685 57710
27 9796 58046
41 2428 50348
3 5007 5222
23 9938 52426
9 8095 21451
17 71331 99799
16 3818 33252
8 138 8831
14 14491 37115
29 11049 64530
18 24798 55330
7 1450 9551
5 1023 6247
32 32693 91798
12 13691 35143
7 12854 20841
15 43078 63496
13 53347 69937
8 20085 30507
6 3699 10328
17 28576 56390
32 23688 81878
8 13708 24818
38 17899 84704
22 14910 55657
19 23642 56120
6 27139 34006
33 7923 64515
17 27374 44003
12 42523 62045
11 1565 17547
14 1684 26199
9 34913 47612
23 46752 89203
5 1545 5558
9 20273 34138
8 14354 24368
19 20895 52534
10 19865 33615
50 446 99016
16 16576 44008
16 45550 74041
58 289 90147
20 56975 89308
32 33947 90398
37 26094 91573
14 14299 36986
23 22079 57284
19 57952 90331
20 57342 90483
5 12940 17233
3 98446 98517
24 5677 49574
8 4464 10881
11 47580 65611
18 20272 52776
13 7259 29753
11 31158 49278
12 26254 43017
38 9444 79090
3 13217 13628
44 8324 92337
30 33347 89106
8 43957 52540
4 20859 22474
19 1101 30822
8 55886 61717
36 34150 91787
17 35598 65073
5 55700 62011
9 336 13379
8 33963 41572
6 91918 97712
15 60199 84367
7 56296 65389
5 64481 68084
10 559 17818
5 3659 8064
7 28864 35881
9 40149 53706
18 6893 36056
24 159 41768
5 47885 51786
7 23027 32264
3 12141 14102
5 700 5664
7 27648 31421
25 29547 75974
23 29710 74121
5 2178 6877
43 5121 86753
4 11271 13308
4 72282 76354
3 21188 21202
24 17054 60622
10 53338 68481
9 16350 27912
10 74197 88717
5 10572 16874
28 28782 76677
5 60778 65130
48 14697 82912
38 26032 94992
33 22277 79598
23 31545 69157
34 1852 58706
11 7048 24591
4 822 3009
10 72232 88642
7 22439 32521
32 30450 90569
43 17839 84450
33 1792 47202
15 43493 60385
19 24953 56278
5 48939 52742
5 7555 11282
8 65851 76893
12 19115 38619
4 79848 81538
10 416 15024
12 54924 73773
15 25869 47545
9 1412 14311
44 12383 97509
43 42840 96819
14 23982 47177
18 26066 56323
24 28572 73779
28 5263 58802
12 19818 41514
11 48150 63313
4 19109 22027
36 12668 81800
15 61157 88368
6 6433 12061
3 19823 21395
22 65518 99301
2 54 80
9 24746 34101
3 1745 1761
18 1758 21035
7 13426 15196
6 23000 29085
38 24114 92654
11 16651 34814
16 28154 56437
12 11392 30071
5 16625 20220
21 19556 59321
23 8108 48199
21 2856 41450
4 508 3257
5 26058 31107
15 6292 30736
4 3570 5963
13 56594 78149
39 9562 69701
37 21542 93354
29 36943 90804
21 59082 99314
6 41793 47257
48 14003 91640
29 42573 93423
15 3355 26790
8 4550 14566
30 38358 90304
47 1710 83591
19 51830 85137
4 20755 23227
36 5369 71647
14 2397 24978
3 12560 13876
7 3061 12307
17 36311 63835
34 32384 99873
19 863 34546
5 29167 34236
26 25146 71494
5 73710 77545
12 8977 20517
4 35373 38946
12 11047 25159
11 4250 22199
5 28938 31617
49 13785 96182
4 48357 49921
26 39717 81738
14 51459 74100
23 14540 57515
19 34077 68958
17 63871 93140
4 4718 6458
5 7339 13206
8 3344 14971
48 3985 75775
4 25269 29606
7 84408 93049
11 24589 39689
10 45313 60819
18 24568 56685
24 46832 88835
8 44564 52737
27 5732 51559
23 7211 44134
7 20457 29282
35 27896 91296
44 12174 96753
13 5461 21528
16 17913 47038
6 74945 80343
6 24207 31899
10 52983 69085
15 4676 30836
5 20429 25398
9 54298 67181
25 25843 72298
14 31455 54994
13 30110 52601
3 1702 2162
8 16116 27136
11 53334 70820
9 6016 20513
6 14248 20352
3 1074 2841
20 29580 64517
39 33618 77066
29 152 52018
14 9514 30491
38 10775 79196
19 40685 74609
7 66095 74735
10 34380 51635
44 24 83118
9 7268 22166
3 378 458
26 50308 95994
26 6249 54604
36 26583 85089
33 6246 66877
4 17998 22471
4 46338 46820
14 14091 38378
5 36365 40596
10 49955 66148
5 49677 53726
5 91912 97412
7 24728 34891
4 29145 31555
