3 3630 6610
10 18252 82974
12 42118 45073
6 53532 57549
2 10276 14458
0 1001 21905
1 9852 20987
2 19009 53104
1 6493 7407
5 34894 65470
3 25409 75253
0 833 5880
1 10591 10679
2 35271 71392
2 24826 69003
1 10378 18233
3 28620 50165
1 15576 36869
5 52309 55913
0 582 2825
0 151 840
0 1190 33985
3 32069 36636
10 72942 79271
1 21907 29831
0 81 4274
3 34730 61734
0 539 34336
0 6515 7818
1 11906 13403
6 54987 84681
6 59867 60617
1 17615 94600
2 21056 22019
1 24023 64003
9 79007 87272
1 9458 23214
1 17972 69947
3 30810 70452
1 11369 73617
2 26807 32554
0 1958 31080
5 51357 84589
4 43356 73236
1 8279 51262
1 4735 6380
0 3491 5061
3 28294 56431
0 10913 19022
5 47264 74895
4 47702 74731
0 3174 25751
1 10288 31304
1 6808 9357
1 13906 52614
8 65970 95833
2 21275 67845
0 1186 25506
4 36535 75728
0 1069 6833
2 30759 89385
2 35220 92846
1 9934 12693
4 50364 56387
1 13812 49592
5 59715 60737
2 24308 33439
3 42281 43323
2 25738 66286
7 54412 55796
10 51375 70518
2 19054 65243
1 9555 16094
0 5701 7174
1 13329 27481
1 12669 17459
0 206 4617
0 1718 16978
1 11490 57500
5 45841 53710
0 2421 8420
4 43884 83190
6 64086 98600
8 83373 84594
9 85416 89734
0 1451 22788
2 23502 41110
1 15009 15221
2 23812 76067
6 58708 65703
11 92764 95447
1 17972 28537
0 3112 64307
2 30516 89587
1 18486 31737
2 16487 18241
0 182 3839
0 6528 13778
4 45666 56117
6 54806 97786
