14 10710 44180
20 40857 70607
6 23766 74542
4 28300 41262
0 1001 1768
5 31988 34350
1 10847 18473
4 37578 71465
3 18504 51367
1 1209 83944
1 12300 43540
14 77268 82444
9 54544 65137
1 8586 73098
11 94472 98207
5 35228 77278
1 2156 2891
1 10736 30970
0 1943 3824
1 6262 49497
4 34559 98562
3 20346 29791
2 24776 39300
4 30308 48187
9 70612 76391
4 41283 77390
9 69144 73283
4 34647 47048
1 8744 97278
2 13945 89513
1 4233 31283
8 59077 59922
7 46077 58808
2 20403 57365
0 2383 8539
2 24601 27530
3 16634 79893
4 38905 52235
2 21529 25420
2 20825 31459
1 4688 11289
1 3536 21806
5 43061 45394
13 88910 90490
4 33333 48647
14 70311 70678
3 24269 35873
1 6815 57401
1 5885 24554
6 44616 62195
4 35911 36704
0 6103 21584
2 14181 27369
13 89987 97281
9 59811 74154
1 5746 7794
4 27414 35147
4 31788 81895
8 53570 88701
2 16643 21305
7 62041 80597
2 16548 42597
4 34064 35573
3 32285 86017
3 20361 28974
0 6402 17133
1 7114 70698
3 27844 47375
0 3810 4015
3 2673 8586
7 48131 96817
0 845 1717
1 5550 31967
0 1232 96328
5 40694 67145
6 47377 57843
1 10621 72942
4 35121 85118
1 15438 34487
8 64149 76348
8 62983 97593
6 60763 87401
3 28349 60990
10 80063 85260
2 19174 37741
2 17752 66679
1 6210 42855
2 24590 77948
1 3503 5263
1 10283 20385
1 11453 21325
2 17653 48346
1 12054 13192
2 4399 89179
6 41902 49105
8 53186 98929
7 55790 60001
2 9979 36301
3 29270 70007
213 68852 99239
