16 53193 62720
11 1210 33475
40 12518 70341
13 17392 35072
22 22909 79975
14 16176 45849
6 70107 73633
5 51137 53496
5 1546 9077
7 1104 7706
5 7431 12117
9 27450 39990
7 58184 67419
4 648 2557
13 8324 33146
7 19998 32353
16 53739 96184
9 25102 29861
20 45441 92134
30 21724 83970
49 11327 73213
9 68382 83668
5 35314 40216
5 9814 15846
12 8128 26865
14 74505 98937
6 2948 10432
28 61905 95372
26 27296 77942
4 49205 50520
23 29022 74029
11 20190 37332
26 16586 52976
8 67332 77297
24 12319 58755
6 16811 23367
15 56263 78914
41 32288 86695
5 261 5013
3 1338 3206
28 27662 91125
25 26139 78760
26 5739 59193
9 11045 22974
25 14793 69207
27 21861 52030
34 17102 85493
6 360 7515
7 10456 19560
25 26233 77546
31 34205 96113
3 4060 4794
11 11231 27089
17 12475 44630
29 17134 54148
18 21367 55792
5 20902 26660
21 10877 53832
16 38374 66158
29 15034 59243
4 5853 7639
3 2061 3007
9 17158 28544
17 11552 42064
3 17709 19188
52 14657 93646
10 69201 85702
5 10371 13343
8 8251 22752
7 3112 10620
3 302 676
18 11542 40696
36 18795 87652
32 16591 78258
33 4409 43326
24 38398 87524
4 39904 41006
13 3311 26043
11 30392 46977
45 24164 81508
3 9181 9993
14 36032 61392
5 9378 12406
15 19015 42607
15 10473 35874
7 49783 58727
20 1685 38114
5 198 4334
7 3113 12771
8 44873 55400
11 18496 35699
15 51864 77940
4 3078 4862
16 53355 81481
5 5496 10133
3 7449 8921
31 31216 98025
12 47823 67044
7 900 8562
21 14974 51689
