4 5285 22654
0 4479 40120
6 16203 20298
7 31665 71959
5 39125 43749
1 1372 3928
2 13399 25300
3 23194 43233
10 65232 75861
2 23307 29474
3 40934 67722
3 29021 97047
1 2652 8447
0 579 5237
15 82381 84829
6 49789 65598
1 11212 49945
7 55722 65616
1 6824 75570
0 1576 17528
1 7749 18386
3 39845 56702
3 40114 42966
2 23361 25526
0 826 82722
3 32108 36871
0 6800 47090
2 15213 20580
2 28014 91271
0 6213 45476
6 53157 58493
2 24138 49178
0 1487 28908
0 1532 9955
3 38128 78773
2 28217 45002
1 3054 71621
9 73493 99129
4 50121 58981
0 1492 26608
0 2793 20396
5 54714 56380
0 3135 8287
3 38420 73109
2 28425 62311
6 59037 90783
4 36996 98778
0 3984 52328
0 73 79604
3 36810 93494
