10 13969 17925
11 31694 41183
5 5416 11649
33 7915 72231
8 34527 46711
9 50720 60852
3 5625 7747
9 13355 37267
7 3364 12974
4 34088 36584
17 46319 87680
16 45128 67577
8 7854 27541
6 6253 15858
26 5904 70272
29 7443 46767
6 22442 26222
6 26321 36193
5 20028 26044
5 8473 14141
3 16965 17258
6 48627 51288
22 18100 65273
6 26102 33976
27 3965 45441
16 2491 29040
28 26038 97057
55 29 91238
26 20556 73162
24 36687 88034
19 21647 46974
33 11102 76469
17 7280 40986
4 1084 2387
8 6615 19428
8 44716 55759
7 36045 42110
15 28355 56092
11 18064 35315
36 13580 87935
9 45215 59810
33 10868 77942
15 62065 90541
24 5960 51012
19 274 25909
10 3759 21593
15 20699 49866
30 9722 72661
29 16114 53337
12 21482 40852
4 11555 14079
10 31656 46182
3 171 1140
3 1280 2539
10 30793 45543
7 6077 15534
5 11111 18567
22 54532 85282
15 1384 31160
6 43121 50650
20 14861 51924
47 3225 63499
9 9825 22587
16 41337 74576
26 7745 61998
53 10490 92126
13 40208 60535
17 34727 67344
7 5987 14582
13 53650 73640
10 6014 21240
16 2869 32023
27 32213 90028
9 16162 28112
10 8825 24442
11 32188 50983
4 18877 22294
15 68404 94057
3 23316 23476
5 33284 36404
6 32672 41866
3 34727 39512
14 863 25973
32 2662 41845
23 8680 57636
13 73450 92826
24 21246 68418
46 11003 85212
27 38804 90451
320 6155 92554
3 571 2020
25 1653 50031
4 2281 4897
6 3624 11432
24 1901 51258
34 1983 58787
13 51995 77306
33 10966 76047
5 1129 6053
16 20916 38846
