10 12911 30556
10 51870 88114
6 65961 87033
7 3230 7106
6 9579 99230
5 2893 6453
7 2457 12533
6 17087 76175
7 1536 9242
5 21019 83128
6 8123 34439
5 24305 51103
6 242 1543
6 5883 14653
5 79521 91492
4 58546 72015
6 31391 62098
10 23919 41297
7 1810 22521
5 20944 49822
6 21303 86897
9 11872 12596
9 5141 5282
3 74931 91602
7 12197 17962
3 64081 66105
7 17426 91319
3 57420 88470
9 12918 51973
8 10628 28927
5 50837 96534
9 1109 94414
7 6745 83531
8 3367 6268
6 16437 22646
7 8773 25559
8 1716 5253
7 18760 49781
7 10653 12072
12 4072 10585
7 18724 59907
6 28903 54229
8 4041 5560
9 535 4748
6 31148 35793
3 53478 93900
6 24668 27050
7 15583 33481
11 4462 7723
5 30346 36543
10 2761 20359
2 64234 94041
6 19422 27061
5 29846 59426
9 7366 42939
4 51035 77715
9 4876 95825
8 13086 14622
5 30057 60338
7 10789 79644
8 5587 11858
7 18053 81131
7 40586 78219
7 15076 62917
7 24530 60099
6 39489 59868
8 22523 61494
10 2358 53920
10 7206 71614
5 36067 61762
4 54594 60116
5 44289 54736
9 7906 16278
3 54085 58877
8 4054 27365
11 2964 26095
10 7007 36419
2 57607 76405
8 7210 91466
3 65252 86231
10 2305 13715
7 7180 44795
8 3356 38342
2 54289 65743
2 79983 92847
3 86533 94366
3 74574 91909
7 29945 43656
8 1058 18719
7 24523 29670
5 48994 52009
7 24800 29322
6 20839 23904
9 4715 13722
8 6431 96648
6 18955 36013
10 5150 25999
7 7664 19857
9 3163 69595
2 82673 83775
