15 9030 40010
12 42358 66736
20 18165 65985
16 2888 33408
13 80987 87744
10 79791 83776
9 77633 83841
12 8403 32204
21 24373 50908
39 11381 86078
12 12891 32499
16 69636 91466
15 54224 76136
17 35114 61492
6 17003 22983
17 31183 55074
18 18324 47522
8 252 9240
15 524 20269
9 78588 91204
15 50727 51083
26 33020 80054
8 13406 23703
8 1036 12453
8 48660 58774
14 22239 44635
39 1536 74870
17 34368 65987
11 63878 78949
9 9278 24102
23 53766 92500
48 810 94947
36 9553 79223
31 19334 80014
13 26830 46175
12 7800 24163
15 68630 93783
19 7879 44024
10 27988 41943
8 29859 38312
26 29528 80963
5 27267 32310
5 46447 50971
40 8573 86252
5 64338 69585
41 1372 60595
11 46798 63321
11 41974 59072
6 16245 19385
33 23731 82861
40 20335 96651
16 25997 53397
8 57851 67843
17 60915 89736
19 6817 40322
3 12477 13162
26 20050 71051
10 53259 67240
18 36398 68088
4 2060 3147
24 47099 93106
6 33909 40916
23 17064 59545
40 4450 83487
44 6775 92627
3 211 1277
13 10973 30670
2 87 334
12 56229 76077
38 17022 67892
13 20050 42164
28 39868 86467
4 2003 4588
31 24909 75312
26 47176 93922
26 35155 84396
7 34281 43922
6 26992 34231
6 4037 12719
9 18871 30446
15 552 28285
7 13155 22570
21 51901 90027
10 14454 30020
23 18442 62561
7 74902 83895
7 14903 23077
6 28026 35157
5 85215 91699
34 14006 79621
3 4038 5206
20 62192 97455
29 4916 60737
16 17104 47248
32 1872 61604
6 58209 66972
13 52629 74750
33 45312 87159
7 7009 16937
3 103 1484
10 53429 68052
5 8782 15089
11 13141 30830
21 36363 74833
40 19299 97920
17 17790 47736
25 14828 63626
25 38027 85965
23 37619 75458
5 38704 43135
8 39516 50805
24 334 46857
23 31644 75179
4 13072 15598
7 7074 16178
6 17314 23815
14 57706 82447
3 42662 43861
35 13515 82824
32 9718 68730
17 3561 30947
16 49456 77615
8 71 10145
3 12808 12862
8 4772 17600
27 18854 57697
38 1393 78129
12 12069 30827
30 16092 72695
13 14231 37621
5 2307 6808
20 56617 93678
28 11073 62224
8 5652 15541
39 3412 81009
18 5825 38216
4 1617 4885
16 16815 46452
17 37341 63458
4 37681 40684
5 84740 88011
21 43435 80778
7 74417 81792
8 36772 48677
23 35036 76952
13 31481 52824
24 39462 82572
9 8710 23182
12 66113 85893
6 58823 66068
335 44967 99256
4 8090 9578
23 31386 75551
8 76685 87918
3 626 998
5 5821 9275
5 11840 18838
10 25846 40054
29 3586 60989
15 14052 40565
12 6873 26798
12 68426 88228
13 19270 38721
11 27820 44052
11 14162 33456
4 19627 20553
3 42644 44539
30 13105 67463
8 42394 53266
10 1758 16970
10 19868 33833
35 24345 91674
9 12985 25970
9 48427 60291
21 58659 95321
8 14156 24893
12 73577 91334
4 39905 43836
40 13328 92153
14 23665 48278
7 10809 19239
14 14319 35988
3 54399 54712
6 472 967
4 4547 7176
14 16251 39407
42 16090 99963
10 52000 65424
8 28221 39929
5 27671 30121
9 44432 59071
4 42205 45351
34 2774 69547
6 61725 68476
26 46306 96244
10 56396 74315
8 52895 64105
5 5187 9748
17 33363 64960
38 5357 79523
6 8959 16349
5 53516 57768
7 81318 90045
3 1721 3059
33 4582 67773
3 946 3293
26 38888 88220
9 37140 49679
3 2500 2720
11 35259 54374
16 2769 30978
4 697 4148
29 20128 74936
16 39369 62960
4 2788 5742
13 46223 67554
6 13539 22644
29 12874 67093
26 15563 68347
11 70491 88246
25 2164 48804
13 40455 63799
15 42044 67935
19 16603 52705
14 9435 34175
30 379 56887
16 38394 67259
32 356 62265
4 16762 19840
6 41886 48684
12 10878 30867
32 16105 74041
9 43826 55951
22 26018 67518
26 34755 85159
3 44916 46005
8 40606 51536
9 64703 79372
36 22377 72790
7 13730 20862
28 32344 84273
25 6098 48337
17 39644 65552
35 11930 74265
32 40965 95261
21 45634 81072
30 35197 89975
4 2892 4995
6 19124 25366
15 22796 51373
24 13709 58817
10 76634 93432
8 43319 54236
11 24974 44468
39 3398 81359
8 13592 25607
26 20842 70272
30 28877 86765
30 40436 99926
17 43496 73476
12 27521 47840
20 24699 53478
11 57741 77266
18 42053 76468
24 37874 82720
6 5347 12228
2 230 407
16 34996 63529
12 37746 56460
3 15232 16741
16 6698 35753
24 17824 59304
33 7840 72179
4 85772 88036
5 5279 11311
7 12134 21101
7 15636 24026
8 65750 77544
9 15686 29750
21 1927 40704
15 59761 87915
5 35172 38688
12 70924 92715
26 1740 52008
12 935 20276
7 2809 12270
6 79694 88432
25 48540 94398
4 2208 4947
20 21346 58980
4 32536 34923
54 20139 99998
4 87969 89806
5 21182 26599
29 31366 86371
21 3516 42094
9 480 15872
3 2931 4529
29 31100 86252
17 266 29596
29 13979 70769
17 86 25016
6 16748 24715
5 80612 84559
26 3327 54689
10 8274 23636
4 9479 13251
8 26085 37349
15 13562 42351
3 14923 15422
3 718 1788
3 358 1641
20 44747 80643
21 14591 53823
5 65969 70002
14 10302 33687
17 47094 77450
27 20608 74292
37 13250 87913
41 15129 70586
19 5666 41736
37 15570 90039
25 35150 83226
9 37093 49731
3 6922 7110
22 4878 48437
6 4554 10777
13 12311 36354
34 22984 90921
6 7461 13140
23 25885 69496
16 5027 35734
3 4724 5198
16 5102 32816
5 43746 49436
10 51994 66814
35 11626 83563
4 28483 30604
36 17053 87465
22 42264 83682
14 16088 42212
7 934 9407
24 33820 78021
3 5389 7146
4 9265 12434
5 47981 52636
3 2762 4251
7 3698 11136
19 61981 89751
9 1816 16172
9 7131 22509
12 44452 62532
7 47516 58954
31 29317 77431
15 7223 31415
3 20577 22318
7 72807 82217
3 55220 55412
16 31444 57557
25 43051 91419
42 11022 92481
4 1978 4958
17 30430 62268
6 1493 7830
13 5036 28851
13 56169 78478
24 39570 84986
10 34280 49990
8 35256 46418
5 67399 72204
9 5587 18476
6 194 7919
19 15097 50631
8 9499 21601
21 23777 63197
25 37330 84157
19 38821 76013
5 3579 7415
26 24330 59534
12 5622 25152
2 97905 97913
39 6735 84836
6 43502 50917
5 12518 16208
8 8980 20188
3 4003 5384
12 41439 61760
5 51578 56202
24 26655 70793
8 4081 14847
15 17795 43510
9 36441 49315
20 45986 83817
11 4650 22456
5 5668 11442
33 12065 76042
6 37824 45503
18 56452 89968
17 34742 66561
26 16396 66486
34 31930 94870
12 59413 79260
11 33284 48207
6 18240 25084
5 41814 45532
9 38685 54037
14 43846 67769
19 8819 43353
10 41788 56645
43 27796 91670
21 29028 68723
19 12009 46609
13 28685 49205
8 41042 52667
9 26244 39796
6 45692 52705
14 56797 81557
16 5124 32029
37 16848 94715
26 1580 46840
21 17315 55686
4 8201 9525
9 13157 26693
25 6718 55696
5 9165 12689
17 6900 37349
3 64093 65316
32 35310 98048
22 6238 46159
4 473 2542
7 10794 19590
44 13282 97470
32 14291 74568
23 374 44724
17 23197 46372
34 9969 73773
3 9625 12014
8 19352 27724
4 941 3189
28 42148 95694
15 9276 35119
7 7859 18060
13 59926 81955
5 13758 19818
26 43921 93265
18 10048 42563
22 27722 67873
5 3846 7661
4 5326 8661
23 40547 83583
31 23624 82073
12 52598 71927
6 39538 46469
18 62779 95862
4 11518 14228
8 44014 55534
7 73800 83227
3 10841 11293
26 18123 65351
39 7549 86643
22 10711 53278
12 22267 42445
4 9934 12228
9 18061 29948
14 4759 26385
14 51948 71363
11 30749 46883
13 47595 69270
5 11185 15881
7 3448 12365
3 5582 7362
3 1382 1622
16 3808 33633
16 59964 85985
29 7656 63100
27 1094 51414
14 30295 54218
25 6699 54906
27 33429 85841
30 28555 85467
13 29658 51770
20 30084 68464
6 85008 91765
8 15392 26319
16 67519 96228
12 19348 41035
8 60393 72012
13 34459 54821
3 17207 19468
7 70618 76495
12 38751 60279
8 4438 16285
8 14874 25904
19 16594 51040
17 6515 38034
3 196 348
24 20568 48527
3 13217 13767
20 14331 50310
34 18530 86848
7 23105 32968
8 21509 32355
4 80197 82251
6 48858 55530
12 46146 66233
19 7821 41337
21 60937 95915
34 36936 85786
35 18713 79065
4 23623 24694
5 42752 47421
32 1553 56379
10 981 15339
14 3498 24027
11 12749 27959
44 28614 99813
13 21711 43424
26 38559 87597
6 24715 33861
4 20439 22710
27 11856 64163
10 31757 48975
9 56746 70894
12 37589 57149
18 23471 56446
3 3950 5689
3 161 529
17 38909 58038
5 34436 40038
27 21863 73479
8 5704 17974
38 1958 77705
11 19893 39381
23 42339 84920
21 40260 77021
9 43631 56789
9 29271 42372
2 12215 12522
6 75629 81848
15 62175 87516
31 1771 57237
5 7173 11317
10 33942 47429
11 58419 73536
31 15153 75510
13 56276 78117
32 38207 99165
41 9735 90251
15 49540 76120
12 69533 89276
37 10898 79142
22 11833 46765
6 173 5126
42 29428 87355
5 16052 20872
7 45332 54726
5 8000 13001
19 11646 47668
19 28395 63801
16 61575 92224
6 14403 20591
10 80975 98688
13 10767 32089
4 6824 9942
17 65831 98502
8 77267 88431
5 72929 78198
25 4221 51906
20 32352 69905
3 95957 97147
10 39935 55103
17 5879 38625
4 28973 31799
4 21536 23618
24 37055 84907
3 1672 2137
3 1530 2188
20 22207 58624
27 30644 80650
37 23792 97999
18 486 31524
3 11423 12795
13 7659 30346
20 40295 77415
25 1004 47097
16 8987 22815
18 36382 69479
8 5332 16442
3 92743 93821
7 13536 24887
36 20544 89631
20 5273 42897
21 3851 41923
5 5251 11422
4 34099 37297
9 6561 16571
9 282 14033
10 80 17238
5 20042 24887
24 26417 73465
3 347 977
10 18367 35243
3 1272 2263
23 25279 68452
14 21377 45947
3 5288 5880
6 36554 43517
43 7706 94142
7 21241 29105
2 2184 2465
5 666 4361
8 4895 17222
21 48581 87163
7 1951 10845
7 11546 21800
25 50990 99910
5 33486 39421
31 9935 70449
52 4989 89841
8 17885 28442
6 9651 17076
12 19549 41615
16 477 30409
15 18732 44426
4 16281 19210
13 57679 80295
3 42637 43121
3 3488 4425
20 33353 69566
20 1515 38411
31 7280 66858
37 20041 93880
41 15867 97819
25 23543 69004
4 7734 9432
5 8927 13713
12 7337 27263
32 4864 66676
16 14857 43080
18 35543 70019
6 10571 18208
39 19689 97206
5 91 4640
18 17985 52194
3 43260 43727
21 38185 66231
35 8062 75420
5 66961 72316
9 40893 46585
3 29838 32277
24 19314 64455
25 50565 99897
6 24664 32997
4 2985 4998
6 2003 8575
11 6625 24940
9 12275 25795
29 17224 74655
7 14959 23189
13 6219 29111
3 13541 13699
36 5988 78646
17 5599 37456
23 8171 52752
3 94178 95333
17 37593 68564
20 27011 65154
31 36444 95809
26 25292 76529
29 40224 96925
13 5183 26430
18 3733 35754
30 43113 77170
27 535 52864
8 42430 55591
18 49797 81625
15 27812 53436
20 15798 53269
11 7748 27111
15 9015 34661
5 2879 7954
17 14228 45785
30 33173 90401
11 20106 37479
4 47944 50842
27 35720 86363
34 172 67223
6 78109 87107
35 9685 77126
3 114 131
11 41644 60000
22 30253 71850
25 2109 52162
4 224 3318
11 5602 23259
9 46549 58055
12 39181 60442
10 7544 23815
7 36393 44750
8 6088 18088
36 11842 84055
11 9986 20571
7 55489 63516
7 12704 22279
5 3562 7072
3 860 1200
7 44540 53987
4 19902 22408
14 13883 40077
26 49497 98626
7 25117 34581
6 55510 63636
5 26215 30140
3 16693 19010
15 6266 32546
4 9462 11480
3 8030 8721
6 14774 20292
36 25052 96979
10 39659 54957
4 23678 26820
3 8755 10464
9 137 12078
30 5852 61868
3 573 868
27 20690 71807
6 22722 30529
8 1538 14834
32 23763 86734
5 17079 22742
4 68721 70917
4 14235 16200
31 35035 96666
12 1737 21544
4 25050 26679
24 13629 60176
2 26289 26364
7 2195 9841
32 30855 93820
18 9555 31136
17 61396 90174
45 6275 95286
34 4682 71677
37 11835 85532
17 9736 40284
11 42677 62383
23 48952 91554
7 15702 23839
13 35328 58238
10 27868 44104
11 37091 54537
3 1914 2094
7 48481 59505
15 54432 80253
29 25324 80563
6 691 5800
4 6518 10107
4 14515 17889
25 36965 81827
12 24788 45546
16 58103 85889
4 9065 11171
9 12471 25012
4 94410 97669
25 29766 76345
2 745 903
5 16669 21701
21 1831 40921
47 32291 86485
9 7634 18772
10 11087 27396
6 15301 20415
8 7977 20467
9 18344 31313
3 77808 78514
10 32569 47640
6 2552 10497
10 39641 55884
33 24920 89169
2 80621 80715
13 46277 66395
9 6014 18755
6 7837 16478
18 22433 56207
7 4159 13842
30 7076 64225
22 5031 44296
8 40782 52392
33 16831 80403
15 37803 62742
7 30675 40143
9 14884 30338
21 28320 65623
4 1170 3173
18 38722 70463
4 10182 14092
5 955 4416
15 18443 46106
13 63586 84897
13 41427 64645
22 6121 48387
11 14263 32625
10 73724 87316
5 17945 23188
12 5031 21646
14 17258 41010
25 36636 82758
26 21199 73501
4 52469 53445
6 20804 28316
8 88996 99028
18 4075 38693
9 45981 57917
12 4752 26005
26 5087 55495
10 53385 69602
6 5299 12554
3 21624 22532
41 10207 89216
21 35171 74474
7 10872 18781
12 77288 99128
20 6498 42701
13 46855 69699
18 16261 48056
36 14638 88248
8 14358 26859
9 76131 89110
9 85738 97863
30 16641 76580
9 381 12845
8 42014 53939
13 19816 40461
54 8209 84123
21 40169 79645
9 36679 51361
12 54986 73262
39 1418 81127
3 42300 43296
9 7939 22731
7 1956 9609
38 3867 77023
37 5710 79381
11 756 19666
7 65757 74839
7 29160 36752
17 5995 36531
21 32298 71146
24 13202 58500
4 44807 47960
8 42402 55023
36 11930 81093
3 11829 12304
27 27631 80122
13 70698 93023
9 83387 97797
14 65937 89976
5 5587 9672
4 26910 30549
4 19822 22685
8 54461 66089
19 702 34814
3 95591 96661
9 25818 38805
48 23471 97875
18 43055 78930
5 50183 53332
6 2324 7566
4 32238 34907
3 39182 39706
41 12298 93348
10 39645 57851
31 25365 85186
15 68360 94615
21 3614 41097
30 37004 94236
17 34754 66267
9 59933 71011
27 3419 55802
5 10362 14976
40 19219 96780
6 14751 23298
7 44710 52996
18 25428 57174
6 56009 62519
9 82104 96828
21 561 37050
26 36902 87446
36 12427 84504
4 10459 13980
9 36679 51052
5 77047 81885
4 68552 69540
24 38709 84482
25 20855 63312
11 10555 28149
24 26137 73062
8 10985 21901
8 65868 76669
45 1949 91226
4 6517 8554
26 4133 54590
7 18163 26452
32 11123 72036
41 5009 86778
12 42437 61723
14 33639 58563
8 68879 79903
19 47155 80037
3 3203 3440
14 69676 94627
7 34597 44018
6 56037 63363
28 37985 90852
12 30752 49851
5 18391 23092
23 21330 65449
10 4245 19678
49 350 97518
4 119 629
3 1318 3185
4 58746 61387
13 1788 24712
10 16181 26980
18 12652 44391
23 24305 69480
5 10230 13682
12 6013 26800
17 64529 96879
6 93384 99123
6 22483 28550
5 57191 62883
14 58343 82308
37 259 74840
9 18646 33118
33 33304 98268
6 10604 16989
6 79490 85309
24 13847 59514
5 24457 30908
10 27005 40901
14 49816 75873
7 77803 85397
32 32470 96389
4 8671 10000
18 45494 77758
3 16035 17629
13 732 21766
5 9168 13972
35 19271 87726
9 9113 23138
20 25176 61401
12 29951 50208
4 53188 53460
5 92844 98043
14 56290 80399
48 9020 88128
4 42596 44111
31 26212 85701
17 68130 95425
5 47078 51904
17 24887 56731
6 9682 17231
13 1475 23310
24 20213 65798
11 34488 52305
21 50517 88146
25 42770 89644
10 45903 61664
31 3539 64477
30 27394 83365
7 10970 19729
17 17813 48636
3 49627 50297
9 289 12841
7 42527 52209
9 70085 84928
8 8220 18049
10 68884 85481
4 22688 25681
9 27946 40613
8 38527 48613
4 36790 39665
23 13642 58976
25 25283 72433
23 48439 90959
4 22517 24209
19 59064 95144
11 28088 47035
26 29627 74435
17 8579 39864
33 21024 84252
3 5933 6646
22 11210 50878
7 40976 49773
27 31034 84295
28 1684 55745
5 6081 9475
16 10397 39844
7 88208 96454
