20 45137 80327
9 16041 17916
14 24974 75237
25 34253 75611
5 218 445
11 10914 32468
7 62443 66115
10 60100 76490
4 67762 75139
11 23023 41784
12 2438 26513
17 682 37086
10 69099 82533
17 17324 58223
11 22153 41002
53 878 89989
6 8657 12385
4 9592 13202
4 28700 28860
32 12402 88392
25 50229 93770
7 44855 57116
32 21025 91079
13 36297 58796
8 1249 12627
4 66372 69029
3 17407 18886
4 4386 4627
18 41246 75802
8 80100 90389
15 14862 37531
9 25986 40271
6 33667 39937
8 86286 96059
16 23314 51029
5 16266 20648
9 34156 47699
12 15452 33278
56 5878 94002
17 2805 36227
9 1243 13409
43 13060 66424
15 41827 75139
18 23619 57560
18 24966 59309
39 22299 67923
26 3449 54259
6 7594 13744
15 39627 66542
6 15256 21164
