10 13774 54986
6 87 31923
6 1324 24213
9 33086 63106
6 44696 45141
6 6287 51010
7 10675 46556
6 22304 30675
4 41776 51429
7 9360 10433
5 25592 66294
9 11897 44889
7 5290 13783
4 25757 59903
5 29928 45763
5 21114 63440
8 2000 45847
6 19849 59128
6 9899 80371
6 18243 40827
5 22984 23920
5 52864 92056
8 3616 39980
7 4463 23878
7 7149 8086
6 17295 32963
6 12146 35424
7 552 3075
7 2632 23839
4 55750 81644
9 28430 89195
7 6676 70783
5 32160 38174
4 31147 34072
8 572 15388
6 17946 43982
4 60831 97133
8 2656 90187
6 28394 69574
7 1594 3779
6 11820 68938
4 50891 86952
8 5717 16521
6 21734 93723
6 9952 13580
4 67683 96503
8 13398 34519
6 35333 55643
4 47314 84171
8 7597 8903
3 66042 70043
10 4189 6068
6 26206 26668
7 15794 46612
10 12719 55082
5 34669 60705
4 41392 82580
2 67347 74086
6 26025 37989
8 15759 32185
6 24586 37555
7 14236 48688
8 169 67008
5 80965 88292
7 33338 63051
2 67659 73971
9 1967 3819
8 5192 40856
7 23916 41591
6 50033 77071
8 13834 32668
7 17678 37019
11 729 44734
11 14800 50666
8 11479 17336
7 18032 24139
4 44639 52714
3 63210 84675
7 20369 33587
8 3169 44194
3 70465 78341
4 57336 86739
4 56697 78260
2 70498 93797
8 18591 30972
3 78181 91584
10 580 704
10 689 4993
4 55656 76195
5 30567 42113
8 17747 60312
8 11619 14021
6 16243 63491
5 47788 63230
7 23183 29924
8 8518 64577
9 23289 28990
29 17300 84391
9 17190 53702
10 1225 20489
