22 12145 86451
14 30743 82987
6 11285 12114
5 5297 5624
16 25607 59284
6 84965 87282
7 11690 21111
6 158 1748
4 3124 4411
16 37209 48276
18 17174 47766
14 35972 51496
5 13708 15697
27 20768 75336
47 1162 93793
19 7544 37951
5 14764 18899
24 2446 42342
10 7661 21819
17 1064 31925
34 21848 88902
37 8070 83444
3 431 912
14 17105 40562
9 34013 46573
9 16557 29966
23 11285 41273
20 19300 52791
11 1405 20926
6 45856 49722
21 8965 46347
14 1964 27724
26 13944 60707
13 60203 81069
8 20709 32491
15 11124 35946
3 13431 13964
5 43989 49612
10 10283 23513
7 4649 15483
11 5382 24583
21 50191 88901
8 16924 29814
12 50810 67800
29 17992 68791
6 21998 28097
13 15663 39093
19 4746 37731
8 5657 16803
21 13107 47981
22 19682 38996
13 457 20358
4 47273 49310
11 23746 40312
9 16624 30845
11 52620 66602
3 717 1273
22 23065 62029
6 168 6076
21 31184 68527
12 56013 74132
6 21654 29423
17 1230 32863
10 30003 44054
10 28304 45047
6 3774 10396
36 8377 78095
19 32046 67983
25 46326 92138
3 2747 3272
18 59911 92355
7 62475 73153
8 3891 14965
4 10310 13590
6 10879 15910
17 43750 75094
4 58426 59620
7 35864 42471
26 45807 82434
5 68445 70910
25 7487 54938
6 8758 15063
10 76342 87796
7 40582 48904
19 7366 41199
12 28170 46425
18 9826 41900
26 964 50313
15 30189 55655
28 20647 74867
20 869 38657
4 48772 51215
17 34950 61261
31 3437 61317
24 24736 69827
25 28176 75734
15 20829 45520
4 17791 19272
25 65455 85326
3 580 1456
20 25319 62612
44 5024 90300
13 32243 53374
16 31087 60697
8 14334 25947
26 5770 53564
5 87642 93129
17 61158 93477
8 46135 56801
22 9095 49101
5 13226 19423
15 34607 61082
8 13400 22364
8 4160 16626
13 26453 49493
5 23145 26959
3 8202 8752
20 18181 55674
8 8306 20552
16 10313 39214
18 10606 44428
22 10182 34621
8 7574 16667
18 58976 90167
9 48653 59335
14 20629 46741
16 8410 37020
12 19691 40329
23 25866 69125
7 73317 81787
5 70344 75580
13 34787 58350
7 10787 19598
21 2313 41724
43 12324 96157
27 11632 63342
12 51523 72324
23 53993 96765
7 21923 31329
10 50982 66112
13 5731 28690
6 91361 99650
7 26430 35823
8 34915 45553
26 9061 44278
29 1089 55988
6 22922 29489
5 17521 22052
12 35107 56673
20 8160 44582
10 40308 55627
4 8243 11163
8 789 13325
3 3 12
9 33718 47304
5 87222 91937
43 11819 96785
7 3639 14048
31 27589 86375
4 1767 4579
13 47191 70946
4 17360 20764
39 18610 94909
27 5382 58361
8 4015 14327
3 14963 15151
34 20318 63757
5 11894 16039
7 62968 72552
11 77443 94011
6 46519 53443
9 123 12749
32 2581 61996
23 26888 72249
21 25067 63671
22 9185 49968
22 50930 92901
8 11497 22712
8 82067 94130
5 1445 6822
21 55938 94327
7 4 8545
6 4820 12156
35 2555 73185
4 4 1616
9 82582 97364
4 77605 80884
47 3142 97584
11 21746 23111
32 4917 67312
13 45186 66977
3 5075 7414
11 6217 23660
44 3624 91598
17 37163 68471
6 72869 78380
3 21675 21960
31 15590 77923
11 16646 33947
5 1248 7030
12 70324 89892
8 71824 82405
32 34611 97437
8 13685 23655
5 1642 5442
11 12890 30060
8 5393 18802
25 48154 95582
3 8998 10504
7 880 9475
9 1201 14531
12 874 18134
36 2469 56157
26 42918 93354
2 9329 9789
18 38736 72433
4 515 911
12 45248 66805
12 420 21175
8 7507 19879
26 11629 62400
35 3273 72793
25 21574 69979
5 1516 5366
14 27446 53090
7 44975 52657
21 51865 92749
6 54060 60002
7 12166 20641
20 48277 87028
17 15265 46016
34 9952 75718
20 5213 29349
15 32775 59427
12 24589 44289
33 21165 86191
14 75442 99953
8 69399 79281
8 6491 19763
5 28448 31569
9 17442 31859
7 9774 20589
5 40399 45698
31 2388 61731
7 21263 29116
11 65301 82523
12 3959 23597
42 4357 88560
43 3380 85105
5 69810 74475
11 59069 76149
24 34238 82396
12 21683 40687
41 19381 80692
9 1201 16408
25 1285 48138
9 33999 44916
3 90941 91438
32 2351 57935
20 10983 47197
13 12590 36576
6 29281 35052
14 14343 39715
11 35992 53428
3 32 640
5 33234 38413
6 5720 12007
6 43934 51802
3 72 506
12 28341 49536
23 40818 83024
4 1369 5093
20 43794 80332
13 2942 26071
3 297 2431
3 7663 8547
3 21 41
12 74497 96742
11 8482 25289
12 35680 56258
12 37472 42235
5 7606 11287
2 138 396
5 37016 40020
25 3109 51045
5 7669 12943
22 7651 49522
18 12364 45838
12 3405 22537
11 22604 42397
5 51439 56844
3 30899 31005
23 7384 50035
19 30548 67287
12 19453 39739
20 12214 49699
30 31191 88182
21 41490 80326
20 13348 51550
13 45684 69039
20 16434 53742
5 21131 24933
3 73172 73970
4 11907 15449
26 15815 48018
20 598 38092
9 12511 26861
16 37198 67285
19 8373 40765
20 20522 59378
10 21196 36576
4 7512 10190
9 32308 46741
27 9243 62828
11 11366 29166
25 10362 60350
39 6458 84731
19 11886 47782
20 33167 70051
8 27799 38099
8 78953 90973
26 11196 60548
6 61720 70112
21 1829 39772
39 21947 82752
31 25068 85371
6 23168 31858
3 4254 4621
16 29194 56388
2 1229 1806
11 81040 98526
4 25345 28728
17 27392 57018
14 43682 66766
21 14977 54663
14 22745 46941
46 5587 98275
11 1310 17602
5 86868 91301
3 6685 7684
4 4900 8054
11 1644 17756
10 1819 17834
26 33121 85708
23 641 43883
22 1868 40185
15 43481 52859
33 1577 66030
6 779 7866
18 41705 75469
26 36191 86245
35 11422 83131
3 2798 3154
4 10571 12345
7 27320 37913
16 2506 31279
11 74645 92342
3 5095 6710
4 1973 5092
3 26818 27691
21 23947 61958
12 18121 39001
24 46533 90934
11 21453 39313
15 66094 93704
5 1988 7384
12 76239 97644
3 512 1197
21 9685 49666
20 46352 82853
4 556 2983
8 3082 6149
24 26462 71032
17 14520 45848
15 47318 74020
30 21187 80489
14 19451 43831
5 7896 12655
34 14832 83137
3 2936 4577
13 29190 50253
12 4277 25170
30 14863 70932
29 23009 79409
14 1015 25642
25 41184 86480
30 31120 87474
9 16768 30422
14 47235 71285
5 13995 20674
18 56726 75274
6 27653 33449
11 3820 21983
9 29833 44042
30 27308 83669
5 19522 24581
15 22634 49913
5 158 4964
32 8969 70894
12 13022 31377
7 804 10555
10 58324 73713
4 81479 85076
4 4154 6201
9 48888 63679
11 36487 53983
32 10660 75409
5 28630 33421
12 65688 84249
3 1349 1371
7 12428 20955
6 20771 27902
3 38556 39751
35 5980 73239
5 4485 10235
3 16886 17525
14 27462 52360
6 5266 11705
24 16021 41986
31 18260 79021
5 90073 93899
4 2488 5708
16 53817 84915
3 1651 2159
16 57512 83929
11 42905 60458
17 6366 39322
9 29250 41323
31 22514 81872
11 67432 84812
6 2362 9311
23 9241 52665
17 56245 84870
6 5612 12745
4 9318 13496
6 4463 11556
31 4693 64824
8 10707 23598
7 31902 41686
3 8029 8066
6 85389 92326
11 5880 23601
10 29633 44498
56 7755 89088
3 36019 38526
4 590 2175
20 35677 72210
12 8258 28826
11 21351 38245
21 21320 61174
8 6715 16047
9 586 15820
18 65408 98628
15 6885 32970
5 48753 53711
23 8893 52630
6 9993 15560
35 9439 82450
29 3709 59386
8 28608 39866
10 79964 95456
10 42045 56952
17 10730 41991
4 15082 18799
30 31617 90009
5 12187 16957
34 8982 55608
6 347 4259
5 8821 13440
9 30250 43898
4 2805 4998
12 24221 44602
4 36296 38439
24 17200 64545
4 12270 14404
3 13419 15455
12 4563 24865
30 16991 71706
5 2538 8127
3 9074 10322
12 26332 45047
28 21275 76722
17 43280 72011
38 317 78852
10 32309 46592
4 20742 25752
20 15336 51455
10 71089 86204
14 10784 37727
48 1463 98238
15 19264 32733
10 1145 18924
22 30359 71251
5 4121 9980
13 11206 31640
44 10106 95361
7 4020 15153
4 9756 11450
7 43674 54478
32 18482 80072
8 3623 15592
18 3453 35032
5 5863 10747
26 43680 95847
6 5878 12221
19 58063 94685
23 1850 45005
12 6419 27158
33 24016 87112
8 33195 45680
22 46898 89033
12 5068 15637
17 9694 42911
16 29443 56512
19 17997 52627
19 9170 43126
21 33622 71798
5 10423 15679
3 660 1118
3 5686 7020
12 66872 87347
10 40036 55797
14 6222 29636
18 5188 38695
14 50539 76149
18 46954 81217
7 20029 28793
8 56545 68382
24 10564 55875
48 2059 98849
4 2495 4766
3 34371 34544
5 3050 7171
14 1672 27063
58 731 84434
25 41488 90778
34 13723 82682
10 21999 37796
8 30397 41615
18 3632 37202
17 2166 32430
4 77227 79850
12 38623 59595
8 23132 32478
15 70947 98487
7 7027 16500
3 98 194
10 49277 65312
37 19798 92263
8 49901 59818
36 5463 78698
17 58524 82687
30 10088 66894
4 7119 9986
13 64045 87433
14 13697 38519
13 28133 40975
32 4730 67274
17 31795 63792
24 27683 75317
15 24983 50637
46 3117 94772
3 9673 10024
12 4662 25341
15 2366 28765
56 7757 99848
10 38314 54278
24 18711 64095
5 21327 26838
22 14970 56220
3 6711 8963
20 42901 78958
26 14050 64033
3 16281 16690
9 77929 91369
5 793 5655
7 11799 13716
3 14530 15272
6 29192 36634
8 62451 73979
5 4075 7659
4 30558 34070
40 8052 89361
15 16810 42737
25 21679 59936
15 74081 99863
21 31779 72482
14 58433 82044
9 20087 34893
26 40963 87734
9 54989 68937
23 23705 66207
7 53556 62829
20 47129 85688
4 3286 6037
5 15442 21126
17 32833 61450
17 15290 45310
25 3552 50120
15 34501 62063
45 7206 83376
3 643 2183
9 60218 71782
3 10824 12624
13 819 22017
3 14780 15499
5 2557 9691
4 85960 87606
19 40987 76739
16 63843 93690
8 13996 24972
5 41119 46362
18 25258 57869
7 8796 18206
38 22095 99353
29 27038 81613
13 30717 53682
15 32221 58629
33 22883 87648
13 21652 42812
6 79269 85344
7 5888 17548
4 17218 17900
27 29733 82098
3 48774 49339
37 28475 86205
19 14590 50189
6 3449 11334
16 53531 82507
19 21928 54751
3 14078 14474
3 7492 9268
6 66457 72366
8 3984 14643
4 1364 5070
5 11186 15554
33 31610 97791
9 7050 20275
6 12204 19998
4 367 3731
6 53175 58366
17 740 31806
2 12157 12207
9 64598 76766
25 9520 57830
8 2273 16207
37 623 74952
3 13970 14798
37 24993 96832
8 32213 43497
4 234 2189
42 21222 76375
37 17558 94772
9 442 13527
5 70331 74821
8 52604 63639
9 966 15646
25 1886 49492
45 895 92239
4 1011 2476
6 2173 10119
5 14452 18316
9 18455 33498
26 4929 56767
7 28203 37356
5 28163 33415
5 2298 7229
11 23446 41279
4 51665 53077
4 3614 6515
16 2957 30936
23 12837 55477
7 85384 95063
11 11530 30808
10 13163 27989
4 3020 5902
11 11187 29146
4 5725 9230
29 22172 56697
16 1995 29250
10 47705 64445
7 72565 82831
4 19730 22046
15 42800 68688
11 5207 23367
5 423 4419
3 676 1656
20 50156 87182
11 9652 26703
25 42250 92498
10 32995 46990
14 49377 75364
36 20511 91156
4 72114 75121
13 51406 74990
9 7869 21908
6 1082 7394
23 10696 53704
4 5706 8515
12 20785 41909
16 32586 61292
5 12006 17016
24 25233 69099
8 4296 17747
31 16640 53344
15 5540 32748
15 59652 85176
3 46 864
31 32090 92606
9 15245 28512
15 23821 50896
26 1433 51107
18 28097 63221
16 50039 79069
15 10941 36437
32 9350 71030
26 2115 53223
13 5890 28981
14 42996 64956
7 42 10580
26 44564 94103
12 12472 33321
8 75159 86883
24 340 44222
49 29312 93319
18 10171 44782
9 378 12909
17 37936 68542
20 37990 76313
25 36549 82542
18 6539 40381
7 7886 15572
5 94938 99601
16 37606 66364
17 24446 54691
8 8200 20155
21 1386 39705
30 6542 65300
9 12913 25945
22 27909 67762
4 2764 6259
16 7892 35281
15 44816 71793
8 10436 20403
12 23641 43810
2 82787 82806
10 50981 66321
58 20811 90715
4 10895 13410
13 7736 29845
27 11512 65039
24 20792 66965
20 22937 60013
17 64650 94601
37 105 72358
31 4214 66464
8 35751 45484
11 22075 40347
4 93306 97429
8 4381 14776
5 19615 22445
4 27579 30523
26 618 52834
4 28886 30145
5 1876 6999
3 2790 3684
18 14303 48346
8 67865 76504
17 12827 43196
34 6204 73061
12 58398 80038
28 44941 79149
7 21799 30982
34 4627 71833
17 3778 34403
18 26242 60102
31 25222 84272
15 36367 63650
12 23925 43058
20 5269 42714
5 3755 6932
24 48419 92923
11 8062 26068
5 77029 83601
18 5065 36902
18 27804 62712
21 49277 86757
8 5588 18514
18 34207 67034
23 7912 52391
5 1448 6422
7 41699 50378
12 27206 45585
13 13492 36159
7 447 491
6 58253 64247
4 45946 49412
12 66659 85055
10 58462 74225
3 2072 3244
13 50756 72301
13 23086 45613
5 44681 48064
9 8964 23835
14 32520 56978
13 51556 73519
17 61537 90223
12 61774 82891
9 10500 24210
4 8599 11255
10 8263 24807
3 44082 44154
34 1979 67863
7 20118 29694
9 44977 57290
13 44226 66753
7 2336 13298
5 40279 43722
7 15552 24374
37 14678 88881
4 621 1752
5 10678 14511
20 60613 98801
17 58367 86841
25 3764 39267
4 23979 25550
3 2201 2245
22 16774 57913
10 24654 40597
21 46925 83697
7 19966 29639
9 38356 52728
18 12583 44948
3 336 1376
9 182 12302
38 16649 91999
18 24260 55311
8 55986 67256
23 39683 82879
12 43232 64002
21 57472 95662
38 12446 84342
5 1411 7251
45 3339 92889
8 43807 56248
13 33572 53803
8 79440 90558
16 14205 29445
21 31943 71692
9 82090 95631
18 65020 98409
20 59067 96292
9 15263 27990
11 7045 24608
24 54225 98073
11 15934 32484
15 35408 59801
20 1593 38077
4 17970 20863
16 64398 90773
14 5773 29062
5 4780 9833
32 3055 65835
5 7438 12518
9 9900 24053
19 2085 37499
30 27358 82815
12 41582 62205
30 21153 77449
16 11394 41199
17 50356 69798
26 19005 69825
7 23511 30294
13 29977 48936
28 38876 92563
37 10789 83826
25 12232 57548
25 42669 90294
9 85497 99252
3 2390 3282
4 30631 31493
5 10612 16407
11 6646 25227
9 12224 25089
3 734 1480
20 17158 52701
4 346 3376
4 9549 10430
17 14463 45983
33 185 64238
8 1613 13747
3 31239 31405
37 9987 81768
10 46945 63179
11 6903 24566
14 9961 27062
38 5867 83252
19 36649 71405
18 2308 35207
4 67385 69804
35 14706 84983
8 1097 11185
3 85225 86764
27 16482 67928
8 17353 27487
13 47848 69702
15 50280 78306
26 36159 86156
5 10906 14728
7 21715 30387
30 21540 78114
42 13646 98275
10 4413 19486
6 26598 33903
5 11248 15613
3 616 1036
3 1841 2698
9 32150 45511
9 2108 15331
9 67802 70911
26 16989 66312
17 6871 39282
4 191 947
4 2106 6593
4 5263 8251
10 10790 25870
20 38999 76556
6 44446 49559
4 38248 41116
22 22733 63726
9 22808 34896
3 5211 5528
29 8607 65866
6 5255 12223
3 6699 6790
10 7936 23596
29 42977 98712
3 170 732
15 1866 27728
32 25271 86630
3 9248 11009
16 61232 88145
8 13577 24980
3 2176 3092
8 50051 60227
4 34816 36215
7 24149 32080
19 40849 74163
5 85977 91240
26 25198 61213
43 9634 94532
6 15719 20828
12 53492 75888
36 12203 82368
6 60734 68482
5 25556 28853
3 17279 17370
3 36513 36771
5 14657 20885
4 241 831
4 62152 64064
6 90864 97038
3 907 1830
17 21418 51831
12 6364 26939
6 435 7261
7 19138 26496
16 26367 57292
4 11441 13805
17 10929 39701
13 23486 47079
6 2972 9114
3 12891 13533
24 54043 97572
27 4467 57803
4 69406 71816
26 43295 93946
4 2532 3909
43 15670 76340
13 21023 42014
25 7241 56991
6 9558 16345
15 45445 70697
7 44961 55200
46 1633 90582
16 65457 93996
20 30253 68432
24 348 43882
37 14340 88867
6 44610 52330
17 29564 60641
4 72493 73747
22 12176 53153
3 29735 30877
36 21161 92443
17 8316 39160
22 15039 57615
48 10896 72217
9 386 13401
23 40024 83512
