24 34948 79949
8 18663 18940
22 13929 91152
6 76845 79105
5 11583 13554
13 57591 81123
23 7510 49923
30 2100 99148
13 29612 59955
9 20188 32029
13 72514 97458
6 37592 43689
5 17806 26870
7 25209 35412
6 48893 51889
17 40326 74079
12 32352 55371
31 15324 77750
40 9200 96047
16 70011 93952
19 8673 41801
26 38462 94090
12 17888 38098
16 43285 68844
5 63628 67869
3 43988 46474
4 25836 26953
4 19074 25012
22 27259 70834
19 16774 54032
13 52578 70685
18 45812 76351
5 22007 26575
3 623 1422
5 19043 24555
5 180 6571
19 22026 59664
39 10833 85331
35 17485 86887
264 11401 92255
24 25600 72569
25 14916 65759
6 75282 80849
28 2615 15285
3 8225 10638
26 28977 82991
4 58464 60269
18 11195 48278
55 9054 89289
21 16450 56912
