8 85433 98795
9 17614 41715
7 14564 28487
7 24622 87561
10 13249 33889
13 982 4593
5 14056 18539
6 2541 32837
7 6136 27545
8 46219 83767
5 25903 29772
6 11024 91431
6 31195 95922
9 14656 35785
9 4851 9860
8 7154 59062
6 7211 7830
6 21934 64489
4 41620 72373
7 60062 61289
8 14151 35979
9 8425 10589
10 1956 37365
198 26798 82653
6 39593 96777
4 41028 88442
7 50 139
7 12854 48733
7 6149 38733
2 95569 95815
4 75668 78154
9 3863 34856
4 69465 95563
8 13331 34231
8 10372 31425
2 83963 91712
8 1250 5631
7 5160 23824
7 701 25551
5 30465 55862
8 16525 35101
6 33545 45953
6 34051 44829
5 45349 92913
9 10542 23326
13 161 249
10 1207 1260
9 6259 26361
8 6871 35939
7 17696 31736
